21:49:47.756 -> -0.70 -6.06 -0.01 1.00 -0.29 9.72
21:49:47.756 -> -0.51 -6.08 -0.01 1.01 -0.26 9.71
21:49:47.803 -> -0.37 -6.24 -0.00 1.04 -0.24 9.67
21:49:47.850 -> -0.69 -6.44 -0.01 1.06 -0.30 9.63
21:49:47.896 -> -0.67 -6.21 -0.00 1.03 -0.29 9.73
21:49:47.896 -> -0.59 -6.35 -0.02 1.05 -0.28 9.72
21:49:47.944 -> -0.35 -6.34 -0.02 1.06 -0.24 9.70
21:49:47.990 -> -0.65 -6.06 -0.02 1.00 -0.28 9.67
21:49:47.990 -> -0.40 -6.16 -0.03 1.03 -0.24 9.73
21:49:48.084 -> -0.27 -6.21 -0.04 1.04 -0.22 9.70
21:49:48.131 -> -0.24 -6.05 -0.04 1.00 -0.21 9.63
21:49:48.131 -> -0.58 -5.92 -0.04 0.98 -0.26 9.64
21:49:48.178 -> -0.57 -6.25 -0.04 1.03 -0.27 9.63
21:49:48.225 -> -0.38 -6.08 -0.05 1.02 -0.24 9.78
21:49:48.225 -> -0.55 -6.16 -0.05 1.02 -0.27 9.65
21:49:48.271 -> -0.22 -6.13 -0.07 1.03 -0.22 9.75
21:49:48.319 -> -0.39 -6.29 -0.07 1.05 -0.25 9.72
21:49:48.365 -> -0.66 -6.54 -0.08 1.08 -0.30 9.68
21:49:48.365 -> -0.68 -6.44 -0.08 1.07 -0.30 9.75
21:49:48.412 -> -0.80 -5.78 -0.08 0.95 -0.30 9.74
21:49:48.459 -> -0.47 -6.05 -0.08 1.01 -0.25 9.71
21:49:48.506 -> -0.41 -6.38 -0.09 1.07 -0.25 9.74
21:49:48.553 -> -0.27 -6.09 -0.10 1.01 -0.22 9.67
21:49:48.600 -> -0.45 -6.42 -0.09 1.07 -0.26 9.70
21:49:48.600 -> -0.64 -5.99 -0.08 0.99 -0.28 9.71
21:49:48.647 -> -0.58 -6.21 -0.09 1.03 -0.28 9.70
21:49:48.695 -> -0.67 -5.69 -0.09 0.94 -0.28 9.70
21:49:48.695 -> -0.47 -5.98 -0.09 0.99 -0.25 9.69
21:49:48.741 -> -0.52 -5.98 -0.10 1.00 -0.26 9.74
21:49:48.788 -> -0.54 -5.93 -0.10 0.98 -0.26 9.70
21:49:48.835 -> -0.30 -5.77 -0.11 0.96 -0.22 9.71
21:49:48.882 -> -0.69 -6.25 -0.12 1.03 -0.29 9.61
21:49:48.945 -> -0.08 -6.03 -0.12 1.02 -0.19 9.79
21:49:48.945 -> -0.43 -6.19 -0.12 1.04 -0.25 9.75
21:49:48.991 -> -0.49 -6.29 -0.11 1.04 -0.26 9.69
21:49:48.991 -> -0.48 -6.12 -0.12 1.02 -0.26 9.76
21:49:49.038 -> -0.48 -5.97 -0.13 0.99 -0.25 9.71
21:49:49.085 -> -0.60 -6.15 -0.13 1.02 -0.28 9.67
21:49:49.132 -> -0.46 -6.36 -0.13 1.06 -0.26 9.72
21:49:49.132 -> -0.18 -6.17 -0.14 1.04 -0.21 9.78
21:49:49.179 -> -0.64 -6.25 -0.13 1.03 -0.29 9.70
21:49:49.227 -> -0.28 -5.70 -0.14 0.95 -0.21 9.66
21:49:49.274 -> -0.59 -6.52 -0.13 1.08 -0.28 9.68
21:49:49.321 -> -0.76 -6.02 -0.14 1.00 -0.30 9.76
21:49:49.321 -> -0.78 -6.25 -0.14 1.04 -0.31 9.73
21:49:49.368 -> -0.50 -6.11 -0.15 1.01 -0.26 9.68
21:49:49.415 -> -0.49 -6.46 -0.15 1.07 -0.26 9.64
21:49:49.462 -> -0.43 -6.36 -0.15 1.06 -0.26 9.73
21:49:49.462 -> -0.58 -6.05 -0.15 1.00 -0.27 9.71
21:49:49.509 -> -0.45 -6.15 -0.15 1.03 -0.25 9.71
21:49:49.556 -> -0.45 -5.95 -0.16 0.98 -0.24 9.64
21:49:49.556 -> -0.57 -6.24 -0.16 1.04 -0.28 9.71
21:49:49.649 -> -0.39 -5.84 -0.16 0.97 -0.23 9.71
21:49:49.696 -> -0.59 -6.42 -0.17 1.07 -0.28 9.73
21:49:49.696 -> -0.83 -6.16 -0.17 1.01 -0.31 9.68
21:49:49.743 -> -0.06 -6.13 -0.17 1.03 -0.19 9.71
21:49:49.790 -> -0.44 -6.32 -0.18 1.05 -0.26 9.71
21:49:49.790 -> -0.83 -6.58 -0.16 1.08 -0.33 9.68
21:49:49.837 -> -0.46 -5.85 -0.17 0.98 -0.25 9.75
21:49:49.884 -> -0.56 -6.28 -0.16 1.04 -0.27 9.71
21:49:49.931 -> -0.31 -6.23 -0.16 1.04 -0.23 9.68
21:49:49.931 -> -0.42 -5.91 -0.17 0.98 -0.24 9.67
21:49:50.024 -> -0.38 -6.12 -0.18 1.01 -0.24 9.64
21:49:50.024 -> -0.75 -5.99 -0.18 0.99 -0.30 9.69
21:49:50.071 -> -0.50 -6.37 -0.19 1.06 -0.27 9.73
21:49:50.118 -> -0.50 -6.26 -0.20 1.03 -0.26 9.64
21:49:50.165 -> -0.28 -5.99 -0.19 1.00 -0.22 9.63
21:49:50.165 -> -0.42 -6.32 -0.20 1.05 -0.25 9.63
21:49:50.212 -> -0.04 -6.08 -0.21 1.01 -0.18 9.61
21:49:50.259 -> -0.58 -6.12 -0.21 1.01 -0.27 9.70
21:49:50.259 -> -0.49 -6.14 -0.21 1.03 -0.26 9.78
21:49:50.306 -> -0.67 -5.91 -0.22 0.96 -0.28 9.58
21:49:50.352 -> -0.27 -6.14 -0.22 1.03 -0.22 9.76
21:49:50.399 -> -0.62 -6.10 -0.22 1.01 -0.28 9.66
21:49:50.447 -> -0.53 -5.87 -0.23 0.97 -0.26 9.69
21:49:50.494 -> -0.52 -5.98 -0.23 0.99 -0.26 9.67
21:49:50.494 -> -0.17 -6.20 -0.24 1.04 -0.21 9.72
21:49:50.541 -> -0.40 -6.26 -0.23 1.05 -0.25 9.75
21:49:50.588 -> -0.47 -6.04 -0.25 1.01 -0.25 9.75
21:49:50.588 -> -0.47 -5.94 -0.26 1.00 -0.25 9.78
21:49:50.635 -> -0.38 -5.94 -0.26 0.99 -0.23 9.75
21:49:50.682 -> -0.23 -6.18 -0.26 1.04 -0.22 9.73
21:49:50.728 -> -0.46 -6.26 -0.27 1.04 -0.25 9.64
21:49:50.728 -> -0.39 -6.04 -0.27 1.00 -0.24 9.70
21:49:50.822 -> -0.43 -6.35 -0.28 1.06 -0.25 9.71
21:49:50.822 -> -0.34 -6.06 -0.28 1.01 -0.23 9.73
21:49:50.869 -> -0.61 -6.14 -0.28 1.02 -0.28 9.75
21:49:50.916 -> -0.63 -6.12 -0.28 1.02 -0.28 9.78
21:49:50.963 -> -0.60 -6.05 -0.29 1.00 -0.27 9.68
21:49:50.963 -> -0.42 -5.82 -0.29 0.97 -0.24 9.69
21:49:51.010 -> -0.20 -6.35 -0.29 1.06 -0.21 9.68
21:49:51.057 -> -0.26 -6.19 -0.30 1.05 -0.22 9.80
21:49:51.057 -> -0.55 -6.17 -0.30 1.03 -0.27 9.73
21:49:51.103 -> -0.43 -6.23 -0.32 1.04 -0.25 9.74
21:49:51.197 -> -0.40 -6.13 -0.31 1.02 -0.24 9.70
21:49:51.197 -> -0.72 -6.34 -0.32 1.05 -0.30 9.71
21:49:51.245 -> -0.84 -6.11 -0.32 1.00 -0.32 9.69
21:49:51.292 -> -0.45 -6.34 -0.32 1.06 -0.26 9.71
21:49:51.292 -> -0.24 -5.77 -0.33 0.96 -0.20 9.69
21:49:51.339 -> -0.37 -5.91 -0.33 0.98 -0.23 9.66
21:49:51.386 -> 0.01 -6.26 -0.33 1.06 -0.18 9.75
21:49:51.432 -> -0.63 -5.96 -0.33 0.98 -0.27 9.62
21:49:51.432 -> -0.02 -6.06 -0.33 1.03 -0.18 9.75
21:49:51.480 -> -0.77 -6.32 -0.33 1.04 -0.31 9.62
21:49:51.527 -> -0.57 -6.26 -0.34 1.04 -0.27 9.68
21:49:51.574 -> -0.50 -6.22 -0.32 1.03 -0.26 9.66
21:49:51.621 -> -0.95 -6.29 -0.33 1.03 -0.34 9.64
21:49:51.668 -> -0.62 -6.35 -0.32 1.05 -0.28 9.69
21:49:51.668 -> -0.34 -5.78 -0.33 0.96 -0.22 9.70
21:49:51.714 -> -0.37 -6.46 -0.34 1.09 -0.25 9.75
21:49:51.761 -> -0.52 -5.94 -0.35 0.98 -0.26 9.68
21:49:51.761 -> -0.25 -5.93 -0.36 1.00 -0.21 9.75
21:49:51.808 -> -0.19 -6.25 -0.35 1.04 -0.21 9.64
21:49:51.855 -> -0.41 -6.30 -0.36 1.06 -0.25 9.75
21:49:51.855 -> -0.32 -6.31 -0.35 1.05 -0.23 9.68
21:49:51.902 -> -0.42 -5.96 -0.36 1.00 -0.24 9.77
21:49:51.996 -> -0.41 -6.05 -0.36 1.01 -0.24 9.71
21:49:51.996 -> -0.40 -5.74 -0.36 0.95 -0.23 9.66
21:49:52.043 -> -0.45 -6.27 -0.36 1.05 -0.26 9.78
21:49:52.090 -> -0.52 -6.02 -0.37 1.01 -0.26 9.79
21:49:52.090 -> -0.36 -6.37 -0.37 1.06 -0.24 9.62
21:49:52.136 -> -0.54 -6.16 -0.37 1.03 -0.27 9.79
21:49:52.183 -> -0.26 -6.17 -0.37 1.04 -0.22 9.72
21:49:52.230 -> -0.48 -6.24 -0.38 1.04 -0.26 9.71
21:49:52.230 -> -0.69 -6.28 -0.38 1.03 -0.29 9.65
21:49:52.277 -> -0.54 -6.40 -0.38 1.07 -0.28 9.74
21:49:52.324 -> -0.73 -6.05 -0.38 1.00 -0.30 9.70
21:49:52.358 -> -0.56 -6.21 -0.39 1.03 -0.27 9.71
21:49:52.405 -> -0.50 -6.07 -0.39 1.00 -0.26 9.68
21:49:52.451 -> -0.68 -6.19 -0.40 1.02 -0.29 9.66
21:49:52.498 -> -0.56 -6.28 -0.40 1.04 -0.28 9.71
21:49:52.498 -> -0.23 -6.35 -0.41 1.07 -0.22 9.77
21:49:52.545 -> -0.92 -6.10 -0.41 1.00 -0.33 9.63
21:49:52.592 -> -0.44 -6.25 -0.42 1.05 -0.26 9.79
21:49:52.592 -> -0.55 -6.05 -0.42 1.01 -0.27 9.75
21:49:52.639 -> -0.56 -6.26 -0.43 1.05 -0.28 9.75
21:49:52.686 -> -0.23 -6.39 -0.42 1.06 -0.22 9.64
21:49:52.733 -> -0.39 -6.29 -0.42 1.05 -0.24 9.69
21:49:52.780 -> -0.47 -6.12 -0.43 1.02 -0.26 9.74
21:49:52.827 -> -0.88 -6.18 -0.44 1.02 -0.33 9.69
21:49:52.827 -> -0.48 -6.29 -0.45 1.05 -0.26 9.71
21:49:52.874 -> -0.66 -6.07 -0.45 1.00 -0.28 9.67
21:49:52.920 -> -1.01 -6.16 -0.46 1.00 -0.34 9.67
21:49:52.920 -> -0.77 -6.22 -0.46 1.03 -0.31 9.73
21:49:52.967 -> -0.59 -6.12 -0.46 1.02 -0.27 9.71
21:49:53.014 -> -0.47 -6.36 -0.46 1.06 -0.26 9.68
21:49:53.061 -> -0.20 -6.19 -0.45 1.04 -0.21 9.69
21:49:53.061 -> -0.45 -6.25 -0.46 1.04 -0.25 9.68
21:49:53.155 -> -0.65 -6.27 -0.47 1.04 -0.29 9.72
21:49:53.155 -> -0.75 -6.11 -0.47 1.01 -0.30 9.71
21:49:53.201 -> -0.52 -5.94 -0.48 0.98 -0.26 9.67
21:49:53.248 -> -0.82 -6.00 -0.49 0.99 -0.31 9.74
21:49:53.295 -> -0.42 -6.21 -0.49 1.04 -0.25 9.71
21:49:53.295 -> -0.72 -5.94 -0.50 0.98 -0.29 9.72
21:49:53.343 -> -0.46 -6.24 -0.51 1.04 -0.26 9.69
21:49:53.390 -> -0.60 -6.23 -0.51 1.04 -0.28 9.72
21:49:53.390 -> -0.74 -5.89 -0.51 0.97 -0.29 9.65
21:49:53.436 -> -0.47 -6.21 -0.52 1.04 -0.26 9.77
21:49:53.484 -> -0.34 -6.23 -0.53 1.04 -0.24 9.69
21:49:53.530 -> -0.99 -5.84 -0.52 0.95 -0.33 9.68
21:49:53.577 -> -0.26 -6.46 -0.52 1.08 -0.23 9.69
21:49:53.624 -> -0.32 -5.97 -0.52 1.00 -0.23 9.73
21:49:53.624 -> -0.49 -6.15 -0.53 1.02 -0.26 9.71
21:49:53.671 -> -0.42 -6.30 -0.53 1.05 -0.25 9.73
21:49:53.718 -> -0.33 -6.16 -0.53 1.03 -0.23 9.70
21:49:53.765 -> -0.50 -6.44 -0.52 1.07 -0.27 9.72
21:49:53.765 -> -0.32 -6.44 -0.52 1.07 -0.24 9.69
21:49:53.811 -> -0.39 -5.95 -0.52 0.99 -0.23 9.71
21:49:53.859 -> -0.37 -6.13 -0.53 1.03 -0.24 9.76
21:49:53.905 -> -0.61 -5.73 -0.53 0.95 -0.27 9.74
21:49:53.952 -> -0.21 -6.01 -0.53 1.00 -0.21 9.69
21:49:53.999 -> -0.63 -6.37 -0.54 1.06 -0.29 9.73
21:49:53.999 -> -0.24 -6.31 -0.53 1.06 -0.22 9.70
21:49:54.046 -> -0.41 -5.56 -0.54 0.92 -0.23 9.68
21:49:54.093 -> -0.73 -6.15 -0.54 1.02 -0.30 9.76
21:49:54.093 -> -0.51 -6.04 -0.54 1.01 -0.26 9.75
21:49:54.140 -> -0.48 -5.86 -0.53 0.97 -0.25 9.71
21:49:54.187 -> -0.30 -6.30 -0.53 1.06 -0.23 9.75
21:49:54.187 -> -0.47 -6.08 -0.53 1.02 -0.26 9.77
21:49:54.235 -> -0.20 -6.05 -0.54 1.01 -0.20 9.68
21:49:54.329 -> -0.44 -6.12 -0.54 1.02 -0.25 9.71
21:49:54.329 -> -0.23 -6.13 -0.55 1.04 -0.22 9.81
21:49:54.376 -> -0.53 -6.13 -0.55 1.02 -0.27 9.68
21:49:54.424 -> -0.34 -6.47 -0.54 1.08 -0.24 9.68
21:49:54.424 -> -0.73 -6.11 -0.55 1.01 -0.30 9.71
21:49:54.471 -> -0.32 -6.05 -0.54 1.01 -0.23 9.70
21:49:54.517 -> -0.47 -6.01 -0.55 1.00 -0.25 9.76
21:49:54.564 -> -0.66 -6.06 -0.55 1.00 -0.28 9.70
21:49:54.564 -> -0.88 -6.01 -0.55 0.99 -0.32 9.74
21:49:54.611 -> -0.23 -6.27 -0.56 1.05 -0.22 9.67
21:49:54.658 -> -0.56 -6.20 -0.56 1.03 -0.27 9.72
21:49:54.705 -> -0.42 -6.34 -0.57 1.05 -0.25 9.67
21:49:54.753 -> -0.69 -6.07 -0.57 1.00 -0.29 9.68
21:49:54.800 -> -0.49 -6.25 -0.57 1.04 -0.26 9.70
21:49:54.800 -> -0.29 -5.83 -0.58 0.98 -0.22 9.74
21:49:54.847 -> -0.35 -6.63 -0.58 1.11 -0.25 9.72
21:49:54.894 -> -0.29 -6.10 -0.59 1.02 -0.22 9.71
21:49:54.894 -> -0.24 -6.16 -0.59 1.03 -0.21 9.64
21:49:54.941 -> -0.67 -6.31 -0.58 1.04 -0.29 9.69
21:49:54.987 -> -0.90 -6.13 -0.59 1.00 -0.32 9.65
21:49:54.987 -> -0.73 -5.99 -0.60 0.98 -0.29 9.64
21:49:55.082 -> -0.62 -6.13 -0.60 1.01 -0.28 9.68
21:49:55.129 -> -0.58 -5.98 -0.61 0.99 -0.27 9.66
21:49:55.129 -> -0.54 -6.16 -0.62 1.02 -0.27 9.70
21:49:55.176 -> -0.15 -5.96 -0.62 1.00 -0.19 9.68
21:49:55.223 -> -0.43 -6.10 -0.62 1.01 -0.25 9.68
21:49:55.223 -> -0.74 -5.98 -0.63 0.98 -0.29 9.67
21:49:55.269 -> -0.30 -6.18 -0.63 1.03 -0.23 9.69
21:49:55.316 -> -0.32 -5.92 -0.63 0.99 -0.22 9.74
21:49:55.363 -> -0.53 -6.31 -0.63 1.06 -0.27 9.77
21:49:55.363 -> -0.52 -6.27 -0.63 1.04 -0.27 9.69
21:49:55.410 -> -0.57 -5.86 -0.64 0.97 -0.26 9.74
21:49:55.457 -> -0.30 -6.08 -0.65 1.02 -0.22 9.76
21:49:55.504 -> -0.60 -6.05 -0.64 1.00 -0.27 9.71
21:49:55.551 -> -0.10 -6.46 -0.64 1.08 -0.20 9.66
21:49:55.598 -> -0.53 -6.01 -0.66 1.00 -0.26 9.78
21:49:55.598 -> -0.60 -6.02 -0.65 1.00 -0.27 9.69
21:49:55.645 -> -0.41 -5.55 -0.65 0.92 -0.23 9.69
21:49:55.692 -> -0.30 -6.14 -0.65 1.03 -0.23 9.69
21:49:55.692 -> -0.53 -6.11 -0.64 1.01 -0.26 9.69
21:49:55.739 -> -0.47 -6.14 -0.64 1.02 -0.26 9.71
21:49:55.786 -> -0.69 -6.22 -0.65 1.03 -0.30 9.77
21:49:55.833 -> -0.64 -6.24 -0.64 1.04 -0.29 9.73
21:49:55.880 -> -0.53 -6.09 -0.63 1.01 -0.27 9.70
21:49:55.926 -> -0.19 -6.01 -0.63 1.01 -0.20 9.71
21:49:55.926 -> -0.38 -6.20 -0.63 1.04 -0.24 9.75
21:49:55.973 -> -0.67 -6.19 -0.64 1.02 -0.29 9.70
21:49:56.020 -> -0.34 -6.00 -0.64 1.00 -0.23 9.69
21:49:56.067 -> -0.41 -6.08 -0.65 1.01 -0.24 9.68
21:49:56.067 -> -0.63 -6.41 -0.66 1.07 -0.29 9.73
21:49:56.114 -> -0.72 -6.18 -0.66 1.03 -0.30 9.78
21:49:56.161 -> -0.47 -6.30 -0.67 1.05 -0.26 9.75
21:49:56.161 -> -0.56 -5.88 -0.67 0.97 -0.26 9.72
21:49:56.255 -> -0.23 -6.01 -0.67 1.01 -0.21 9.71
21:49:56.255 -> -0.41 -6.36 -0.67 1.06 -0.25 9.70
21:49:56.302 -> -0.42 -6.04 -0.67 1.00 -0.24 9.67
21:49:56.349 -> -0.20 -6.33 -0.67 1.06 -0.21 9.64
21:49:56.396 -> -0.32 -6.18 -0.67 1.03 -0.23 9.70
21:49:56.396 -> -0.38 -6.11 -0.67 1.01 -0.24 9.66
21:49:56.443 -> -0.58 -6.11 -0.67 1.01 -0.27 9.70
21:49:56.490 -> -0.88 -5.95 -0.68 0.98 -0.32 9.72
21:49:56.490 -> -0.66 -6.09 -0.67 1.00 -0.28 9.68
21:49:56.537 -> -0.46 -5.88 -0.68 0.98 -0.24 9.71
21:49:56.584 -> -0.58 -5.90 -0.68 0.98 -0.27 9.70
21:49:56.631 -> -0.30 -6.15 -0.69 1.03 -0.23 9.75
21:49:56.678 -> -0.59 -6.10 -0.69 1.02 -0.28 9.77
21:49:56.725 -> -0.55 -6.11 -0.69 1.02 -0.27 9.72
21:49:56.725 -> -0.29 -6.30 -0.70 1.05 -0.22 9.63
21:49:56.772 -> -0.61 -6.12 -0.70 1.01 -0.28 9.66
21:49:56.818 -> -0.84 -6.07 -0.70 1.00 -0.32 9.76
21:49:56.865 -> -0.40 -6.61 -0.71 1.12 -0.26 9.81
21:49:56.865 -> -1.07 -6.29 -0.71 1.03 -0.36 9.71
21:49:56.912 -> -0.84 -6.07 -0.71 1.00 -0.31 9.69
21:49:56.960 -> -0.49 -5.96 -0.70 0.99 -0.25 9.71
21:49:56.960 -> -0.57 -6.36 -0.71 1.05 -0.28 9.67
21:49:57.053 -> -0.57 -6.01 -0.71 1.00 -0.27 9.72
21:49:57.100 -> -0.37 -6.02 -0.71 1.00 -0.23 9.63
21:49:57.100 -> -0.48 -6.30 -0.71 1.05 -0.26 9.72
21:49:57.147 -> -0.11 -5.96 -0.72 1.00 -0.19 9.71
21:49:57.194 -> -0.18 -6.23 -0.72 1.05 -0.21 9.72
21:49:57.194 -> -0.31 -6.15 -0.72 1.03 -0.23 9.73
21:49:57.241 -> -0.46 -5.91 -0.72 0.99 -0.25 9.74
21:49:57.288 -> -0.55 -6.12 -0.74 1.01 -0.27 9.65
21:49:57.288 -> -0.44 -6.48 -0.74 1.07 -0.26 9.66
21:49:57.335 -> -0.30 -6.27 -0.74 1.05 -0.23 9.66
21:49:57.428 -> -0.70 -5.97 -0.74 0.99 -0.29 9.70
21:49:57.428 -> -0.74 -6.27 -0.75 1.03 -0.30 9.68
21:49:57.477 -> -0.61 -5.74 -0.75 0.95 -0.27 9.72
21:49:57.524 -> -0.66 -5.96 -0.76 0.99 -0.28 9.75
21:49:57.524 -> -0.63 -5.89 -0.77 0.97 -0.27 9.68
21:49:57.571 -> -0.42 -6.40 -0.77 1.06 -0.25 9.65
21:49:57.618 -> -0.60 -6.06 -0.78 1.01 -0.28 9.73
21:49:57.665 -> -0.43 -5.73 -0.78 0.95 -0.24 9.69
21:49:57.665 -> -0.27 -6.17 -0.79 1.04 -0.22 9.75
21:49:57.711 -> -0.56 -6.08 -0.79 1.01 -0.27 9.71
21:49:57.758 -> -0.44 -6.19 -0.80 1.03 -0.25 9.69
21:49:57.805 -> -0.28 -6.22 -0.80 1.04 -0.22 9.71
21:49:57.852 -> -0.18 -5.81 -0.81 0.98 -0.20 9.77
21:49:57.899 -> -0.73 -6.46 -0.82 1.07 -0.31 9.73
21:49:57.899 -> -0.55 -6.40 -0.83 1.07 -0.28 9.73
21:49:57.946 -> -0.66 -6.22 -0.84 1.03 -0.29 9.72
21:49:57.993 -> -0.85 -6.06 -0.85 1.00 -0.32 9.70
21:49:57.993 -> -0.55 -5.93 -0.85 0.98 -0.26 9.67
21:49:58.039 -> -0.27 -6.20 -0.85 1.04 -0.22 9.71
21:49:58.086 -> -0.67 -6.05 -0.86 1.00 -0.28 9.70
21:49:58.133 -> -0.53 -5.92 -0.85 0.98 -0.26 9.71
21:49:58.133 -> -0.18 -6.09 -0.85 1.02 -0.20 9.70
21:49:58.227 -> -0.56 -6.15 -0.85 1.02 -0.27 9.66
21:49:58.227 -> -0.21 -6.42 -0.87 1.07 -0.22 9.69
21:49:58.274 -> -0.60 -6.04 -0.86 1.00 -0.27 9.72
21:49:58.321 -> -0.90 -6.03 -0.86 0.99 -0.32 9.62
21:49:58.321 -> -0.64 -5.92 -0.86 0.98 -0.28 9.69
21:49:58.368 -> -0.61 -6.54 -0.87 1.09 -0.29 9.71
21:49:58.415 -> -0.38 -6.31 -0.87 1.05 -0.24 9.62
21:49:58.463 -> -0.40 -6.09 -0.87 1.02 -0.24 9.71
21:49:58.463 -> -0.68 -6.09 -0.87 1.01 -0.29 9.70
21:49:58.510 -> -0.42 -5.96 -0.88 1.00 -0.24 9.76
21:49:58.557 -> -0.68 -6.28 -0.89 1.04 -0.30 9.72
21:49:58.604 -> -0.30 -6.28 -0.89 1.05 -0.23 9.68
21:49:58.651 -> -0.60 -6.02 -0.89 0.99 -0.27 9.66
21:49:58.697 -> -0.69 -6.18 -0.90 1.02 -0.29 9.68
21:49:58.697 -> -0.50 -5.99 -0.90 1.00 -0.26 9.72
21:49:58.744 -> -0.55 -6.34 -0.91 1.05 -0.28 9.72
21:49:58.791 -> -0.25 -6.07 -0.92 1.01 -0.22 9.65
21:49:58.791 -> -0.24 -6.32 -0.92 1.06 -0.22 9.67
21:49:58.838 -> -0.71 -6.41 -0.93 1.06 -0.30 9.65
21:49:58.885 -> -0.51 -6.47 -0.93 1.07 -0.27 9.68
21:49:58.932 -> -0.35 -6.61 -0.93 1.10 -0.24 9.64
21:49:58.979 -> -0.27 -6.17 -0.92 1.03 -0.22 9.70
21:49:59.025 -> -0.57 -6.04 -0.93 1.00 -0.27 9.68
21:49:59.025 -> -0.72 -6.26 -0.94 1.04 -0.30 9.76
21:49:59.072 -> -0.52 -6.14 -0.94 1.02 -0.26 9.70
21:49:59.119 -> -0.48 -5.94 -0.94 0.99 -0.25 9.70
21:49:59.166 -> -0.36 -6.45 -0.95 1.08 -0.25 9.73
21:49:59.166 -> -0.45 -6.08 -0.95 1.01 -0.25 9.65
21:49:59.214 -> -0.66 -6.19 -0.96 1.02 -0.29 9.70
21:49:59.262 -> -0.47 -6.42 -0.95 1.06 -0.26 9.66
21:49:59.262 -> -0.46 -6.54 -0.96 1.09 -0.27 9.73
21:49:59.309 -> -0.25 -6.18 -0.95 1.03 -0.22 9.63
21:49:59.355 -> -0.76 -6.09 -0.96 1.00 -0.30 9.63
21:49:59.402 -> -0.33 -6.05 -0.97 1.01 -0.23 9.71
21:49:59.449 -> -0.37 -6.16 -0.98 1.03 -0.24 9.74
21:49:59.496 -> -0.79 -6.58 -0.97 1.09 -0.32 9.68
21:49:59.496 -> -0.72 -6.01 -0.98 0.99 -0.29 9.68
21:49:59.543 -> -0.45 -6.12 -0.99 1.02 -0.25 9.73
21:49:59.590 -> -0.37 -6.13 -0.99 1.03 -0.24 9.77
21:49:59.590 -> -0.37 -6.08 -1.00 1.02 -0.24 9.74
21:49:59.637 -> -0.41 -6.39 -1.01 1.06 -0.25 9.70
21:49:59.684 -> -0.70 -6.48 -1.00 1.07 -0.30 9.69
21:49:59.731 -> -0.15 -6.19 -1.01 1.04 -0.21 9.75
21:49:59.778 -> -0.38 -6.20 -1.01 1.03 -0.24 9.68
21:49:59.825 -> -0.74 -6.50 -1.02 1.07 -0.31 9.67
21:49:59.825 -> -0.52 -5.80 -1.01 0.96 -0.25 9.71
21:49:59.872 -> -0.26 -6.13 -1.01 1.02 -0.22 9.70
21:49:59.919 -> -0.46 -5.88 -1.02 0.98 -0.25 9.74
21:49:59.966 -> -0.43 -6.07 -1.02 1.01 -0.24 9.68
21:49:59.966 -> -0.41 -6.07 -1.02 1.01 -0.24 9.65
21:50:00.012 -> -0.41 -6.02 -1.01 1.00 -0.24 9.63
21:50:00.059 -> -0.44 -6.22 -1.01 1.04 -0.25 9.72
21:50:00.059 -> -0.30 -6.26 -1.03 1.06 -0.23 9.80
21:50:00.153 -> -0.25 -6.19 -1.04 1.03 -0.22 9.66
21:50:00.200 -> -0.46 -6.28 -1.04 1.04 -0.25 9.63
21:50:00.200 -> -0.35 -6.03 -1.04 1.00 -0.23 9.68
21:50:00.247 -> -0.62 -5.95 -1.04 0.99 -0.28 9.71
21:50:00.294 -> -0.28 -6.12 -1.05 1.01 -0.22 9.63
21:50:00.294 -> -0.45 -6.18 -1.05 1.03 -0.25 9.70
21:50:00.341 -> -0.68 -5.89 -1.04 0.97 -0.28 9.70
21:50:00.387 -> -0.41 -6.46 -1.05 1.08 -0.25 9.70
21:50:00.387 -> -0.54 -5.94 -1.04 0.99 -0.26 9.76
21:50:00.435 -> -0.47 -5.98 -1.05 1.00 -0.25 9.71
21:50:00.482 -> -0.33 -6.29 -1.05 1.04 -0.23 9.63
21:50:00.529 -> -0.58 -6.15 -1.05 1.02 -0.27 9.68
21:50:00.575 -> -0.68 -6.07 -1.06 1.00 -0.29 9.70
21:50:00.622 -> -0.14 -5.95 -1.07 1.01 -0.20 9.79
21:50:00.622 -> -0.34 -6.03 -1.07 1.00 -0.23 9.66
21:50:00.669 -> -0.28 -6.42 -1.07 1.07 -0.23 9.66
21:50:00.716 -> -0.25 -6.31 -1.07 1.05 -0.22 9.66
21:50:00.763 -> -0.64 -5.95 -1.08 0.98 -0.28 9.70
21:50:00.763 -> -0.50 -6.50 -1.08 1.08 -0.27 9.69
21:50:00.810 -> -0.26 -5.96 -1.08 1.00 -0.22 9.72
21:50:00.857 -> -0.47 -6.43 -1.09 1.08 -0.27 9.77
21:50:00.904 -> -0.62 -6.61 -1.09 1.09 -0.29 9.63
21:50:00.950 -> -0.50 -6.23 -1.10 1.03 -0.26 9.68
21:50:00.997 -> -0.55 -6.07 -1.11 1.01 -0.27 9.70
21:50:00.997 -> -0.75 -6.24 -1.11 1.03 -0.30 9.65
21:50:01.045 -> -0.71 -6.09 -1.11 1.00 -0.29 9.59
21:50:01.091 -> -0.23 -6.26 -1.11 1.05 -0.22 9.71
21:50:01.091 -> -0.54 -5.88 -1.11 0.98 -0.26 9.75
21:50:01.138 -> -0.68 -5.95 -1.13 0.99 -0.29 9.77
21:50:01.185 -> -0.68 -6.38 -1.13 1.07 -0.30 9.78
21:50:01.233 -> -0.34 -6.33 -1.13 1.06 -0.24 9.73
21:50:01.233 -> -0.33 -6.21 -1.13 1.04 -0.23 9.68
21:50:01.327 -> -0.55 -6.32 -1.13 1.04 -0.27 9.60
21:50:01.327 -> -0.17 -6.26 -1.13 1.05 -0.21 9.66
21:50:01.373 -> -0.51 -6.05 -1.13 1.00 -0.26 9.69
21:50:01.420 -> -0.50 -5.98 -1.15 0.99 -0.26 9.72
21:50:01.420 -> -0.41 -6.19 -1.17 1.04 -0.25 9.73
21:50:01.468 -> -0.35 -6.38 -1.17 1.07 -0.24 9.73
21:50:01.515 -> -0.42 -5.97 -1.17 0.99 -0.24 9.65
21:50:01.562 -> -0.62 -6.28 -1.18 1.04 -0.28 9.67
21:50:01.562 -> -0.65 -6.37 -1.18 1.05 -0.29 9.67
21:50:01.609 -> -0.18 -6.10 -1.18 1.02 -0.21 9.75
21:50:01.656 -> -0.66 -6.08 -1.18 1.00 -0.28 9.66
21:50:01.702 -> -0.38 -6.32 -1.19 1.05 -0.24 9.65
21:50:01.749 -> -0.20 -5.94 -1.19 1.00 -0.21 9.71
21:50:01.796 -> -0.39 -5.75 -1.18 0.97 -0.23 9.79
21:50:01.796 -> -0.79 -6.23 -1.18 1.03 -0.31 9.70
21:50:01.843 -> -0.48 -6.15 -1.18 1.02 -0.26 9.70
21:50:01.890 -> -0.39 -6.02 -1.19 1.01 -0.24 9.80
21:50:01.890 -> -0.65 -5.89 -1.19 0.97 -0.28 9.69
21:50:01.937 -> -0.55 -6.10 -1.18 1.01 -0.27 9.72
21:50:01.983 -> -0.46 -6.17 -1.19 1.02 -0.25 9.65
21:50:02.031 -> -0.51 -6.38 -1.19 1.06 -0.27 9.71
21:50:02.077 -> -0.14 -6.09 -1.19 1.03 -0.20 9.77
21:50:02.124 -> -0.95 -6.05 -1.19 0.99 -0.33 9.62
21:50:02.124 -> -0.49 -6.40 -1.23 1.05 -0.26 9.57
21:50:02.171 -> -0.41 -6.18 -1.35 1.02 -0.24 9.60
21:50:02.218 -> -0.55 -6.32 -1.98 1.04 -0.26 9.56
21:50:02.265 -> 0.50 -8.99 -3.22 1.52 -0.16 9.62
21:50:02.265 -> 1.96 -11.69 -4.74 2.02 0.01 9.60
21:50:02.312 -> 2.72 -10.66 -6.68 1.89 0.17 9.68
21:50:02.358 -> -3.01 -5.05 -9.36 0.77 -0.66 10.29
21:50:02.358 -> -3.49 -7.79 -10.73 1.26 -0.82 9.74
21:50:02.406 -> 1.20 -4.72 -12.67 0.86 0.07 9.62
21:50:02.453 -> -1.94 -14.24 -13.62 2.47 -0.78 10.18
21:50:02.500 -> 3.13 -6.71 -13.04 1.23 0.32 9.71
21:50:02.547 -> -9.57 -15.69 -12.54 2.56 -2.28 10.38
21:50:02.587 -> 11.80 9.65 -13.09 -1.42 2.51 10.49
21:50:02.587 -> -2.35 -3.25 -14.38 0.52 -0.49 9.80
21:50:02.634 -> 0.51 -6.79 -14.15 1.16 -0.11 9.75
21:50:02.681 -> 1.68 -7.79 -12.87 1.32 0.06 9.74
21:50:02.728 -> -3.95 -7.22 -10.99 1.10 -0.88 9.64
21:50:02.728 -> 0.62 -6.68 -9.07 1.11 -0.10 9.57
21:50:02.822 -> -0.89 6.04 -9.23 -1.08 0.03 10.05
21:50:02.822 -> 0.16 -7.61 -9.16 1.30 -0.20 9.80
21:50:02.869 -> -1.77 -3.24 -9.04 0.46 -0.39 9.82
21:50:02.916 -> -0.75 -6.77 -8.96 1.11 -0.31 9.55
21:50:02.963 -> -0.74 -7.73 -9.11 1.29 -0.35 9.84
21:50:02.963 -> 0.30 -5.76 -9.23 0.98 -0.11 9.61
21:50:03.010 -> -0.98 -5.66 -9.29 0.94 -0.33 9.86
21:50:03.057 -> -0.35 -7.30 -9.39 1.23 -0.27 9.65
21:50:03.057 -> 0.12 -10.77 -9.37 1.75 -0.26 9.24
21:50:03.104 -> -1.97 0.04 -9.40 -0.10 -0.33 10.00
21:50:03.150 -> -1.05 -2.13 -9.41 0.34 -0.24 9.82
21:50:03.197 -> -1.08 -3.65 -9.62 0.59 -0.28 9.69
21:50:03.244 -> -0.12 -8.58 -9.44 1.43 -0.26 9.65
21:50:03.291 -> -0.04 -8.50 -9.41 1.42 -0.25 9.61
21:50:03.291 -> -1.28 -0.66 -9.42 0.07 -0.23 9.80
21:50:03.338 -> -0.10 -5.98 -9.42 1.00 -0.18 9.61
21:50:03.385 -> -0.16 -6.21 -9.42 1.05 -0.21 9.76
21:50:03.432 -> -0.76 -6.40 -9.42 1.06 -0.31 9.75
21:50:03.432 -> -0.15 -6.62 -9.42 1.12 -0.22 9.82
21:50:03.480 -> -0.30 -6.37 -9.43 1.06 -0.23 9.69
21:50:03.526 -> -0.29 -6.13 -9.43 1.02 -0.22 9.67
21:50:03.526 -> -0.27 -6.60 -9.44 1.11 -0.23 9.71
21:50:03.621 -> -0.66 -6.21 -9.44 1.03 -0.29 9.68
21:50:03.621 -> -0.56 -6.62 -9.45 1.10 -0.28 9.69
21:50:03.667 -> -0.47 -6.42 -9.45 1.08 -0.26 9.76
21:50:03.715 -> -0.23 -6.58 -9.45 1.11 -0.23 9.73
21:50:03.761 -> -0.52 -6.18 -9.44 1.01 -0.26 9.60
21:50:03.761 -> -0.03 -6.38 -9.46 1.08 -0.19 9.75
21:50:03.808 -> -0.25 -6.25 -9.45 1.05 -0.22 9.70
21:50:03.855 -> -0.27 -6.12 -9.46 1.03 -0.22 9.75
21:50:03.855 -> -0.51 -6.58 -9.45 1.10 -0.28 9.77
21:50:03.902 -> -0.36 -6.39 -9.45 1.07 -0.24 9.69
21:50:03.949 -> -0.05 -6.32 -9.45 1.06 -0.19 9.71
21:50:03.996 -> -0.42 -6.04 -9.44 1.00 -0.24 9.65
21:50:04.042 -> -0.59 -6.11 -9.44 1.02 -0.28 9.74
21:50:04.089 -> -0.09 -6.26 -9.45 1.04 -0.19 9.61
21:50:04.089 -> -0.29 -6.80 -9.46 1.15 -0.25 9.79
21:50:04.136 -> -0.30 -6.49 -9.46 1.08 -0.24 9.70
21:50:04.183 -> -0.21 -6.47 -9.47 1.08 -0.22 9.65
21:50:04.232 -> -0.44 -6.25 -9.47 1.04 -0.25 9.70
21:50:04.232 -> 0.10 -6.10 -9.48 1.04 -0.16 9.78
21:50:04.279 -> -0.99 -6.58 -9.47 1.08 -0.35 9.66
21:50:04.326 -> -0.19 -6.08 -9.47 1.02 -0.21 9.70
21:50:04.326 -> -0.50 -6.27 -9.48 1.03 -0.26 9.62
21:50:04.420 -> -0.44 -6.12 -9.48 1.02 -0.25 9.77
21:50:04.420 -> -0.62 -6.07 -9.48 1.01 -0.28 9.73
21:50:04.467 -> -0.47 -6.51 -9.48 1.09 -0.27 9.75
21:50:04.514 -> -0.20 -6.38 -9.48 1.07 -0.22 9.71
21:50:04.561 -> -0.18 -6.53 -9.47 1.10 -0.22 9.71
21:50:04.561 -> -0.39 -6.27 -9.48 1.04 -0.24 9.68
21:50:04.608 -> -0.56 -6.49 -9.48 1.08 -0.28 9.71
21:50:04.655 -> -0.32 -6.22 -9.49 1.04 -0.23 9.76
21:50:04.655 -> -0.20 -5.69 -9.48 0.95 -0.19 9.73
21:50:04.702 -> -0.56 -6.32 -9.48 1.06 -0.28 9.75
21:50:04.797 -> -0.54 -6.42 -9.49 1.07 -0.28 9.73
21:50:04.797 -> -0.54 -6.35 -9.47 1.05 -0.27 9.66
21:50:04.844 -> -0.26 -6.13 -9.48 1.03 -0.22 9.74
21:50:04.891 -> -0.41 -6.67 -9.48 1.11 -0.26 9.70
21:50:04.891 -> 0.04 -6.47 -9.48 1.09 -0.18 9.65
21:50:04.937 -> -0.25 -6.57 -9.49 1.10 -0.23 9.70
21:50:04.984 -> -0.41 -6.57 -9.50 1.09 -0.26 9.67
21:50:05.032 -> -0.55 -6.78 -9.51 1.13 -0.29 9.70
21:50:05.032 -> -0.28 -6.49 -9.52 1.08 -0.23 9.68
21:50:05.079 -> -0.25 -6.54 -9.52 1.10 -0.23 9.73
21:50:05.125 -> -0.61 -6.44 -9.52 1.07 -0.29 9.72
21:50:05.172 -> -0.23 -6.12 -9.52 1.02 -0.21 9.73
21:50:05.219 -> -0.38 -6.61 -9.51 1.10 -0.25 9.68
21:50:05.268 -> -0.68 -6.54 -9.51 1.09 -0.30 9.74
21:50:05.268 -> -0.38 -6.18 -9.52 1.03 -0.24 9.66
21:50:05.315 -> -0.35 -6.42 -9.52 1.06 -0.24 9.64
21:50:05.362 -> -0.29 -6.27 -9.52 1.05 -0.23 9.70
21:50:05.362 -> -0.28 -6.38 -9.53 1.06 -0.22 9.61
21:50:05.409 -> -0.22 -6.44 -9.53 1.07 -0.22 9.63
21:50:05.456 -> -0.47 -6.29 -9.54 1.05 -0.26 9.72
21:50:05.456 -> -0.66 -6.42 -9.54 1.06 -0.30 9.71
21:50:05.503 -> -0.32 -6.17 -9.54 1.03 -0.23 9.71
21:50:05.596 -> -0.42 -6.08 -9.54 1.01 -0.24 9.65
21:50:05.596 -> -0.57 -6.44 -9.55 1.08 -0.28 9.75
21:50:05.644 -> -0.16 -6.09 -9.55 1.02 -0.20 9.71
21:50:05.690 -> -1.03 -6.66 -9.55 1.10 -0.37 9.74
21:50:05.690 -> -0.20 -5.94 -9.56 0.99 -0.20 9.69
21:50:05.737 -> -0.42 -6.15 -9.57 1.02 -0.25 9.68
21:50:05.784 -> -0.16 -6.48 -9.57 1.08 -0.21 9.58
21:50:05.784 -> -0.44 -6.25 -9.58 1.04 -0.26 9.72
21:50:05.831 -> 0.29 -6.29 -9.58 1.07 -0.13 9.77
21:50:05.878 -> -0.33 -6.33 -9.57 1.06 -0.24 9.70
21:50:05.925 -> -0.45 -6.24 -9.58 1.04 -0.25 9.69
21:50:05.972 -> -0.42 -6.18 -9.60 1.02 -0.24 9.59
21:50:06.019 -> -0.34 -6.20 -9.60 1.03 -0.23 9.70
21:50:06.065 -> -0.40 -6.41 -9.61 1.07 -0.25 9.69
21:50:06.065 -> -0.21 -6.20 -9.61 1.04 -0.21 9.72
21:50:06.112 -> -0.63 -6.63 -9.62 1.10 -0.30 9.72
21:50:06.333 -> -0.40 -6.36 -9.63 1.06 -0.25 9.69
21:50:06.333 -> -0.35 -6.60 -9.62 1.10 -0.25 9.67
21:50:06.333 -> -0.17 -6.67 -9.63 1.11 -0.22 9.64
21:50:06.333 -> -0.40 -6.73 -9.64 1.12 -0.26 9.66
21:50:06.333 -> -0.48 -5.97 -9.64 0.98 -0.25 9.61
21:50:06.333 -> -0.05 -6.01 -9.56 1.00 -0.18 9.72
21:50:06.379 -> -0.33 -5.94 -9.50 0.99 -0.22 9.68
21:50:06.426 -> -0.48 -5.78 -9.50 0.95 -0.24 9.61
21:50:06.426 -> -0.72 -5.09 -9.50 0.83 -0.26 9.58
21:50:06.473 -> -0.51 -3.57 -9.48 0.59 -0.19 9.58
21:50:06.520 -> -0.66 -3.55 -9.49 0.57 -0.21 9.60
21:50:06.520 -> -0.66 -3.26 -9.44 0.54 -0.21 9.89
21:50:06.567 -> -2.27 2.15 -9.55 -0.44 -0.33 10.07
21:50:07.083 -> -1.58 -3.26 -9.48 0.48 -0.34 9.42
21:50:07.083 -> -2.50 2.23 -9.99 -0.45 -0.35 9.71
21:50:07.083 -> 1.74 -8.47 -11.40 1.50 0.06 9.70
21:50:07.083 -> 6.04 -8.58 -10.84 1.62 0.77 9.75
21:50:07.083 -> -6.80 -5.44 -8.65 0.67 -1.30 9.63
21:50:07.083 -> 0.13 0.23 -9.06 -0.03 0.03 9.68
21:50:07.083 -> -0.05 -11.93 -8.80 1.92 -0.32 9.12
21:50:07.083 -> 0.52 -9.45 -9.21 1.66 -0.19 9.86
21:50:07.083 -> -1.23 -3.78 -9.36 0.61 -0.32 9.75
21:50:07.083 -> 0.17 -13.78 -9.53 2.40 -0.38 9.80
21:50:07.083 -> -1.18 0.95 -9.99 -0.18 -0.17 9.70
21:50:07.083 -> -0.64 -9.92 -9.84 1.65 -0.39 9.57
21:50:07.083 -> 0.88 -18.12 -9.49 3.09 -0.36 9.38
21:50:07.083 -> 0.02 -2.29 -9.64 0.39 -0.06 9.67
21:50:07.083 -> -0.84 -6.32 -9.50 1.02 -0.32 9.41
21:50:07.177 -> -0.11 -10.42 -9.42 1.79 -0.33 9.92
21:50:07.224 -> -0.33 -6.50 -9.51 1.09 -0.24 9.72
21:50:07.224 -> 1.21 -11.12 -10.21 1.92 -0.11 9.63
21:50:07.271 -> 0.20 -10.80 -10.07 1.83 -0.28 9.60
21:50:07.319 -> -0.57 -4.02 -10.13 0.67 -0.21 9.71
21:50:07.365 -> -0.79 -4.76 -10.00 0.78 -0.27 9.69
21:50:07.365 -> 0.35 -7.30 -9.84 1.25 -0.16 9.77
21:50:07.412 -> -0.26 -9.59 -9.84 1.60 -0.31 9.60
21:50:07.460 -> -0.49 -8.62 -9.82 1.44 -0.33 9.64
21:50:07.460 -> -0.66 -6.56 -9.81 1.09 -0.30 9.72
21:50:07.554 -> -0.77 -5.81 -9.81 0.96 -0.30 9.71
21:50:07.554 -> -0.88 -6.19 -9.81 1.02 -0.33 9.71
21:50:07.589 -> -0.29 -6.07 -9.81 1.01 -0.22 9.61
21:50:07.635 -> -0.60 -5.92 -9.80 0.99 -0.27 9.76
21:50:07.682 -> -0.29 -6.13 -9.80 1.01 -0.22 9.61
21:50:07.729 -> -0.72 -6.15 -9.81 1.01 -0.29 9.66
21:50:07.729 -> -0.48 -6.08 -9.81 1.02 -0.26 9.77
21:50:07.776 -> -0.56 -6.10 -9.81 1.01 -0.27 9.75
21:50:07.823 -> -0.75 -6.23 -9.81 1.02 -0.30 9.67
21:50:07.823 -> -0.37 -6.27 -9.82 1.04 -0.24 9.61
21:50:07.917 -> -0.48 -6.63 -9.83 1.10 -0.27 9.64
21:50:07.964 -> -0.53 -6.24 -9.83 1.04 -0.27 9.78
21:50:07.964 -> -0.47 -6.35 -9.82 1.06 -0.26 9.68
21:50:08.011 -> -0.50 -6.20 -9.81 1.03 -0.26 9.66
21:50:08.058 -> -0.62 -6.00 -9.81 0.99 -0.27 9.68
21:50:08.058 -> -0.73 -6.24 -9.82 1.03 -0.30 9.72
21:50:08.105 -> -0.70 -6.68 -9.84 1.11 -0.31 9.73
21:50:08.151 -> -0.99 -6.61 -9.84 1.09 -0.36 9.77
21:50:08.198 -> -0.60 -6.16 -9.84 1.01 -0.27 9.64
21:50:08.198 -> -0.43 -6.39 -9.84 1.07 -0.25 9.73
21:50:08.245 -> -0.63 -6.15 -9.85 1.02 -0.28 9.76
21:50:08.292 -> -0.55 -6.74 -9.85 1.11 -0.28 9.60
21:50:08.339 -> -0.26 -6.18 -9.84 1.04 -0.22 9.73
21:50:08.386 -> -0.84 -6.29 -9.84 1.04 -0.32 9.69
21:50:08.433 -> -0.73 -6.22 -9.84 1.03 -0.30 9.69
21:50:08.433 -> -0.37 -6.22 -9.84 1.03 -0.23 9.63
21:50:08.480 -> -0.64 -6.05 -9.86 1.00 -0.28 9.69
21:50:08.526 -> -0.96 -6.01 -9.87 0.98 -0.33 9.66
21:50:08.526 -> -0.40 -6.58 -9.88 1.09 -0.25 9.63
21:50:08.573 -> -0.78 -6.44 -9.89 1.06 -0.31 9.68
21:50:08.620 -> -0.24 -6.21 -9.90 1.05 -0.22 9.79
21:50:08.667 -> -0.28 -6.45 -9.89 1.08 -0.23 9.73
21:50:08.714 -> -0.26 -5.91 -9.90 0.99 -0.21 9.69
21:50:08.761 -> -0.73 -6.25 -9.90 1.03 -0.30 9.71
21:50:08.761 -> -0.31 -6.55 -9.91 1.10 -0.24 9.71
21:50:08.808 -> -0.22 -6.22 -9.92 1.04 -0.21 9.64
21:50:08.854 -> -0.65 -5.90 -9.92 0.98 -0.28 9.72
21:50:08.854 -> -0.86 -6.64 -9.93 1.09 -0.33 9.68
21:50:08.902 -> -0.54 -6.29 -9.93 1.05 -0.27 9.71
21:50:08.948 -> -0.85 -6.38 -9.94 1.04 -0.32 9.62
21:50:08.995 -> -0.66 -6.16 -9.93 1.02 -0.29 9.72
21:50:08.995 -> -0.67 -6.06 -9.93 1.00 -0.28 9.67
21:50:09.089 -> -0.41 -6.28 -9.94 1.03 -0.24 9.60
21:50:09.089 -> -0.32 -6.10 -9.95 1.02 -0.23 9.71
21:50:09.136 -> -0.51 -6.27 -9.95 1.04 -0.27 9.70
21:50:09.183 -> -0.84 -6.43 -9.94 1.05 -0.32 9.66
21:50:09.231 -> -0.12 -6.16 -9.94 1.03 -0.20 9.69
21:50:09.231 -> -0.50 -6.37 -9.94 1.07 -0.27 9.81
21:50:09.278 -> -0.70 -6.23 -9.95 1.03 -0.30 9.72
21:50:09.325 -> -0.68 -6.07 -9.95 1.01 -0.29 9.71
21:50:09.325 -> -0.41 -6.27 -9.95 1.04 -0.25 9.67
21:50:09.372 -> -0.57 -6.17 -9.96 1.02 -0.27 9.63
21:50:09.419 -> -0.47 -6.00 -9.98 1.00 -0.25 9.71
21:50:09.466 -> -0.20 -6.27 -9.99 1.05 -0.21 9.66
21:50:09.513 -> -0.41 -5.95 -9.98 0.99 -0.24 9.65
21:50:09.560 -> -0.60 -6.11 -9.99 1.01 -0.28 9.69
21:50:09.560 -> -0.72 -6.06 -9.99 1.01 -0.30 9.73
21:50:09.607 -> -0.38 -6.07 -10.00 1.01 -0.24 9.73
21:50:09.654 -> -0.91 -6.48 -10.01 1.07 -0.34 9.72
21:50:09.654 -> -0.43 -5.99 -10.01 1.00 -0.24 9.71
21:50:09.701 -> -0.54 -6.11 -10.02 1.01 -0.26 9.68
21:50:09.748 -> -0.91 -6.58 -10.02 1.09 -0.34 9.71
21:50:09.795 -> -0.63 -5.64 -10.03 0.93 -0.27 9.67
21:50:09.841 -> -0.34 -6.49 -10.09 1.08 -0.24 9.66
21:50:09.888 -> -0.06 -8.99 -10.41 1.51 -0.26 9.59
21:50:09.888 -> 0.12 -10.61 -11.39 1.77 -0.27 9.52
21:50:09.935 -> -0.91 -8.14 -12.28 1.35 -0.38 9.64
21:50:09.982 -> 1.63 -10.00 -12.60 1.74 -0.01 9.67
21:50:10.029 -> 1.56 -15.68 -12.36 2.72 -0.20 9.59
21:50:10.029 -> 0.42 -3.67 -10.45 0.61 -0.05 9.73
21:50:10.123 -> -3.61 1.51 -9.76 -0.35 -0.59 9.88
21:50:10.123 -> -0.46 -10.22 -9.92 1.71 -0.37 9.58
21:50:10.170 -> 1.42 -15.77 -9.67 2.71 -0.22 9.69
21:50:10.216 -> -0.29 0.69 -9.99 -0.16 -0.02 9.73
21:50:10.263 -> -3.09 -18.34 -10.34 3.04 -1.02 9.41
21:50:10.263 -> -1.83 -11.39 -11.16 1.85 -0.61 9.56
21:50:10.310 -> -0.49 -9.11 -11.89 1.52 -0.34 9.88
21:50:10.357 -> 0.71 -6.50 -11.67 1.17 -0.08 9.98
21:50:10.357 -> -0.78 -2.71 -11.76 0.42 -0.21 9.80
21:50:10.452 -> 0.94 -4.04 -11.13 0.68 0.04 9.80
21:50:10.498 -> -0.00 -1.86 -9.90 0.31 -0.06 9.86
21:50:10.498 -> -0.70 -6.92 -9.95 1.19 -0.33 9.99
21:50:10.546 -> -0.23 -9.12 -9.92 1.52 -0.30 9.66
21:50:10.593 -> -0.55 -4.26 -10.12 0.72 -0.22 9.89
21:50:10.593 -> -1.68 4.69 -10.07 -0.83 -0.14 9.42
21:50:10.640 -> -1.17 -1.50 -10.00 0.21 -0.24 9.96
21:50:10.687 -> 0.20 -8.03 -9.99 1.41 -0.21 9.99
21:50:10.734 -> -0.77 -6.56 -9.95 1.04 -0.30 9.29
21:50:10.734 -> -0.27 -9.58 -9.86 1.51 -0.28 9.02
21:50:10.827 -> -0.19 0.99 -9.98 -0.17 -0.00 9.67
21:50:10.827 -> -0.62 -4.05 -10.02 0.66 -0.22 9.72
21:50:10.874 -> -0.04 -6.97 -9.98 1.17 -0.20 9.73
21:50:10.921 -> -0.58 -7.15 -9.86 1.17 -0.30 9.56
21:50:10.921 -> -0.03 -19.34 -9.35 3.27 -0.55 9.38
21:50:10.968 -> -0.55 0.31 -8.55 -0.08 -0.08 9.39
21:50:11.015 -> -0.42 -1.68 -8.85 0.27 -0.11 9.72
21:50:11.062 -> -0.91 -6.10 -8.85 1.00 -0.33 9.73
21:50:11.062 -> -0.10 -5.89 -8.84 1.00 -0.18 9.78
21:50:11.109 -> -0.70 -6.59 -8.84 1.09 -0.30 9.67
21:50:11.156 -> -0.55 -6.39 -8.85 1.06 -0.27 9.65
21:50:11.202 -> -0.36 -6.29 -8.85 1.05 -0.24 9.70
21:50:11.237 -> -0.42 -6.55 -8.84 1.10 -0.26 9.70
21:50:11.284 -> -0.47 -6.25 -8.84 1.05 -0.26 9.74
21:50:11.331 -> -0.34 -6.45 -8.83 1.07 -0.24 9.66
21:50:11.331 -> -0.78 -6.39 -8.84 1.06 -0.32 9.77
21:50:11.378 -> -0.32 -6.40 -8.84 1.07 -0.24 9.72
21:50:11.425 -> -0.01 -6.41 -8.84 1.08 -0.19 9.70
21:50:11.425 -> -0.38 -6.50 -8.84 1.08 -0.25 9.72
21:50:11.472 -> -0.32 -6.55 -8.83 1.09 -0.24 9.61
21:50:11.519 -> -0.28 -6.38 -8.83 1.07 -0.23 9.67
21:50:11.566 -> -0.75 -6.66 -8.84 1.10 -0.32 9.70
21:50:11.613 -> 0.17 -6.24 -8.85 1.06 -0.15 9.75
21:50:11.659 -> -0.70 -6.49 -8.85 1.07 -0.30 9.69
21:50:11.659 -> -0.16 -6.19 -8.85 1.04 -0.21 9.74
21:50:11.706 -> -0.49 -6.30 -8.85 1.05 -0.26 9.71
21:50:11.753 -> -0.48 -6.38 -8.86 1.05 -0.26 9.60
21:50:11.753 -> -0.06 -6.61 -8.88 1.12 -0.20 9.77
21:50:11.800 -> -0.25 -6.75 -8.89 1.13 -0.23 9.72
21:50:11.847 -> -0.45 -6.20 -8.89 1.03 -0.25 9.73
21:50:11.894 -> -0.22 -6.63 -8.89 1.11 -0.22 9.64
21:50:11.894 -> -0.30 -6.39 -8.90 1.06 -0.23 9.66
21:50:11.988 -> -0.15 -6.00 -8.90 1.01 -0.20 9.76
21:50:11.988 -> -0.75 -6.32 -8.88 1.04 -0.30 9.63
21:50:12.035 -> -0.75 -6.17 -8.89 1.02 -0.31 9.76
21:50:12.082 -> -0.23 -6.16 -8.89 1.03 -0.21 9.64
21:50:12.129 -> -0.16 -6.40 -8.90 1.07 -0.21 9.70
21:50:12.129 -> -0.70 -6.66 -8.89 1.11 -0.31 9.74
21:50:12.176 -> -0.63 -6.23 -8.89 1.03 -0.28 9.66
21:50:12.222 -> -0.29 -6.35 -8.89 1.07 -0.23 9.75
21:50:12.222 -> -0.15 -6.45 -8.89 1.08 -0.21 9.68
21:50:12.270 -> -0.73 -6.49 -8.89 1.08 -0.31 9.75
21:50:12.363 -> -0.45 -6.50 -8.89 1.08 -0.26 9.66
21:50:12.363 -> -0.45 -6.57 -8.89 1.09 -0.26 9.68
21:50:12.410 -> -0.61 -6.04 -8.89 1.00 -0.28 9.72
21:50:12.458 -> -0.51 -6.52 -8.91 1.08 -0.27 9.63
21:50:12.458 -> -0.96 -6.18 -8.91 1.01 -0.34 9.70
21:50:12.492 -> -0.44 -6.47 -8.90 1.07 -0.26 9.66
21:50:12.538 -> -0.36 -6.66 -8.91 1.11 -0.25 9.66
21:50:12.585 -> -0.52 -6.58 -8.91 1.10 -0.28 9.73
21:50:12.632 -> -0.31 -6.35 -8.91 1.07 -0.23 9.75
21:50:12.632 -> -0.43 -6.17 -8.90 1.02 -0.25 9.68
21:50:12.679 -> -0.30 -6.25 -8.90 1.04 -0.22 9.63
21:50:12.726 -> -0.44 -6.58 -8.91 1.09 -0.26 9.65
21:50:12.773 -> -0.70 -6.46 -8.91 1.07 -0.30 9.68
21:50:12.820 -> -0.32 -6.20 -8.91 1.04 -0.23 9.73
21:50:12.867 -> -0.23 -6.42 -8.91 1.08 -0.22 9.69
21:50:12.867 -> -0.02 -6.45 -8.92 1.08 -0.18 9.64
21:50:12.913 -> -0.85 -6.53 -8.93 1.08 -0.33 9.75
21:50:12.960 -> -0.20 -6.64 -8.94 1.11 -0.22 9.68
21:50:12.960 -> -0.44 -6.42 -8.94 1.07 -0.26 9.66
21:50:13.007 -> -0.42 -6.55 -8.94 1.09 -0.26 9.69
21:50:13.054 -> -0.51 -6.28 -8.94 1.04 -0.27 9.68
21:50:13.054 -> -0.18 -6.41 -8.93 1.08 -0.22 9.71
21:50:13.148 -> -0.69 -6.26 -8.93 1.04 -0.30 9.75
21:50:13.195 -> -0.45 -6.44 -8.94 1.06 -0.26 9.67
21:50:13.195 -> -0.34 -6.62 -8.94 1.10 -0.25 9.69
21:50:13.242 -> -0.22 -6.90 -8.95 1.15 -0.23 9.70
21:50:13.288 -> -0.27 -6.76 -8.96 1.12 -0.23 9.63
21:50:13.288 -> -0.59 -6.42 -8.97 1.06 -0.28 9.65
21:50:13.336 -> -0.43 -6.45 -8.96 1.07 -0.26 9.65
21:50:13.383 -> -0.17 -6.50 -8.96 1.09 -0.22 9.73
21:50:13.430 -> -0.39 -5.21 -8.99 0.86 -0.21 9.62
21:50:13.430 -> -0.14 -8.82 -9.16 1.48 -0.27 9.59
21:50:13.524 -> -1.21 -2.78 -9.56 0.44 -0.28 9.62
21:50:13.524 -> -2.45 -9.61 -10.50 1.67 -0.74 10.39
21:50:13.570 -> -0.27 -5.90 -9.90 0.99 -0.22 9.76
21:50:13.617 -> -0.55 -6.68 -9.83 1.10 -0.28 9.69
21:50:13.664 -> 0.16 -4.60 -9.75 0.76 -0.10 9.49
21:50:13.664 -> -1.31 -4.79 -9.68 0.74 -0.34 9.27
21:50:13.711 -> -0.34 2.41 -9.75 -0.41 0.01 9.74
21:50:13.758 -> -0.36 -6.67 -9.46 1.12 -0.26 9.78
21:50:13.758 -> -1.65 -10.62 -9.58 1.76 -0.57 9.45
21:50:13.805 -> -0.15 -6.81 -9.27 1.17 -0.23 9.93
21:50:13.852 -> -0.81 -1.28 -9.59 0.20 -0.18 10.20
21:50:13.899 -> -1.55 -13.31 -9.76 2.09 -0.58 8.99
21:50:13.945 -> 0.26 -5.39 -9.96 0.87 -0.10 9.15
21:50:13.992 -> -0.64 -7.00 -10.14 1.18 -0.31 9.63
21:50:13.992 -> 0.20 -11.87 -10.14 2.00 -0.30 9.53
21:50:14.039 -> -0.21 -4.63 -10.40 0.76 -0.16 9.36
21:50:14.086 -> -0.50 -8.90 -10.59 1.50 -0.33 9.57
21:50:14.133 -> 1.77 -6.49 -10.82 1.12 0.12 9.52
21:50:14.133 -> -1.20 -2.00 -10.94 0.31 -0.26 9.53
21:50:14.180 -> 1.28 -10.80 -11.15 1.65 -0.05 8.11
21:50:14.229 -> 1.12 -4.72 -11.24 0.83 0.06 9.70
21:50:14.276 -> 0.75 -19.99 -10.91 3.43 -0.44 9.41
21:50:14.322 -> 0.49 -9.37 -11.41 1.60 -0.18 9.68
21:50:14.322 -> 0.00 -11.66 -11.72 1.98 -0.33 9.58
21:50:14.369 -> -1.74 -5.59 -11.53 0.89 -0.46 9.79
21:50:14.416 -> 0.62 -12.33 -11.56 2.09 -0.24 9.56
21:50:14.464 -> -0.56 -5.87 -11.57 0.98 -0.26 9.72
21:50:14.464 -> -0.63 -6.34 -11.58 1.06 -0.29 9.73
21:50:14.558 -> -0.52 -6.33 -11.58 1.05 -0.27 9.68
21:50:14.558 -> -0.46 -6.35 -11.57 1.06 -0.26 9.71
21:50:14.620 -> -0.51 -6.05 -11.56 1.01 -0.26 9.78
21:50:14.620 -> -0.70 -6.22 -11.56 1.03 -0.30 9.70
21:50:14.668 -> -0.60 -6.34 -11.56 1.04 -0.28 9.65
21:50:14.715 -> -0.67 -6.14 -11.55 1.01 -0.28 9.66
21:50:14.763 -> -0.70 -6.28 -11.55 1.03 -0.29 9.66
21:50:14.763 -> -0.55 -6.43 -11.55 1.07 -0.28 9.71
21:50:14.857 -> -0.29 -6.04 -11.56 1.01 -0.22 9.69
21:50:14.857 -> -0.81 -6.69 -11.56 1.11 -0.33 9.68
21:50:14.904 -> -0.35 -6.14 -11.57 1.03 -0.23 9.70
21:50:14.951 -> -0.65 -6.20 -11.58 1.02 -0.28 9.62
21:50:14.998 -> -0.42 -6.43 -11.59 1.08 -0.25 9.77
21:50:14.998 -> -0.39 -6.37 -11.59 1.06 -0.25 9.71
21:50:15.045 -> -0.59 -6.10 -11.59 1.01 -0.28 9.71
21:50:15.091 -> -0.42 -6.38 -11.60 1.06 -0.25 9.63
21:50:15.138 -> -0.73 -6.42 -11.62 1.06 -0.31 9.73
21:50:15.185 -> -0.71 -6.43 -11.63 1.06 -0.30 9.71
21:50:15.233 -> -0.46 -6.21 -11.63 1.04 -0.26 9.76
21:50:15.233 -> -0.49 -6.53 -11.63 1.09 -0.27 9.69
21:50:15.281 -> -0.52 -6.22 -11.63 1.02 -0.26 9.63
21:50:15.328 -> -0.85 -6.32 -11.63 1.04 -0.32 9.68
21:50:15.328 -> -0.78 -6.50 -11.65 1.07 -0.32 9.70
21:50:15.374 -> -0.64 -6.60 -11.65 1.09 -0.29 9.67
21:50:15.421 -> -0.36 -6.34 -11.65 1.06 -0.24 9.70
21:50:15.468 -> -0.66 -6.22 -11.65 1.03 -0.29 9.72
21:50:15.515 -> -0.62 -6.62 -11.65 1.10 -0.29 9.69
21:50:15.562 -> -0.54 -6.22 -11.65 1.03 -0.27 9.72
21:50:15.562 -> -0.46 -6.29 -11.65 1.05 -0.26 9.76
21:50:15.609 -> -0.55 -6.50 -11.64 1.08 -0.28 9.69
21:50:15.656 -> -0.77 -6.56 -11.65 1.08 -0.32 9.67
21:50:15.656 -> -0.37 -6.24 -11.65 1.04 -0.24 9.70
21:50:15.749 -> -0.66 -6.41 -11.65 1.06 -0.29 9.73
21:50:15.796 -> -0.42 -6.69 -11.65 1.12 -0.26 9.70
21:50:15.796 -> -0.33 -6.52 -11.65 1.09 -0.24 9.74
21:50:15.843 -> -0.42 -6.52 -11.65 1.09 -0.26 9.75
21:50:15.890 -> -0.59 -6.38 -11.65 1.06 -0.28 9.67
21:50:15.890 -> -0.76 -6.05 -11.65 1.00 -0.30 9.71
21:50:15.937 -> -0.47 -6.31 -11.65 1.05 -0.26 9.72
21:50:15.984 -> -0.35 -6.34 -11.65 1.06 -0.24 9.67
21:50:16.032 -> -0.61 -6.41 -11.66 1.06 -0.28 9.66
21:50:16.079 -> -0.37 -6.37 -11.66 1.06 -0.24 9.67
21:50:16.126 -> -0.91 -6.16 -11.66 1.01 -0.33 9.68
21:50:16.126 -> -0.44 -6.09 -11.65 1.01 -0.25 9.67
21:50:16.172 -> -0.85 -6.45 -11.65 1.06 -0.33 9.69
21:50:16.219 -> -0.63 -6.14 -11.66 1.02 -0.28 9.73
21:50:16.266 -> -0.61 -6.45 -11.66 1.06 -0.28 9.66
21:50:16.266 -> -0.34 -6.48 -11.66 1.08 -0.24 9.69
21:50:16.360 -> -0.22 -6.18 -11.66 1.04 -0.22 9.71
21:50:16.360 -> -0.43 -6.49 -11.66 1.09 -0.26 9.72
21:50:16.407 -> -0.42 -6.77 -11.66 1.13 -0.26 9.69
21:50:16.455 -> -0.56 -6.22 -11.66 1.03 -0.27 9.68
21:50:16.455 -> -0.42 -6.44 -11.67 1.07 -0.26 9.70
21:50:16.502 -> -0.68 -6.57 -11.66 1.09 -0.31 9.69
21:50:16.549 -> -0.27 -6.74 -11.69 1.14 -0.24 9.71
21:50:16.596 -> 0.18 -11.85 -11.54 2.02 -0.31 9.66
21:50:16.643 -> 0.61 -10.05 -11.73 1.72 -0.18 9.69
21:50:16.690 -> -1.72 -2.06 -12.50 0.29 -0.34 9.71
21:50:16.690 -> -1.91 -4.60 -13.98 0.73 -0.45 9.81
21:50:16.736 -> 0.98 -13.77 -14.77 2.39 -0.23 9.66
21:50:16.783 -> -1.50 -8.66 -16.81 1.43 -0.49 9.76
21:50:16.830 -> 0.42 -14.23 -17.38 2.37 -0.32 9.43
21:50:16.830 -> -1.73 -9.61 -16.54 1.57 -0.58 9.73
21:50:16.877 -> -1.44 -7.76 -16.42 1.29 -0.48 9.81
21:50:16.924 -> 1.03 1.47 -16.02 -0.26 0.23 9.93
21:50:16.971 -> -10.70 -10.74 -15.20 1.54 -2.14 9.62
21:50:17.018 -> 0.70 -5.77 -13.21 0.96 -0.06 9.84
21:50:17.065 -> -13.69 13.22 -10.30 -2.65 -1.92 9.44
21:50:17.065 -> -0.28 -7.97 -9.53 1.35 -0.29 9.82
21:50:17.111 -> 0.88 -12.78 -8.62 2.15 -0.22 9.45
21:50:17.158 -> -12.78 18.57 -8.92 -3.89 -1.61 9.97
21:50:17.158 -> 1.11 -7.81 -10.09 1.38 -0.03 9.86
21:50:17.205 -> -13.71 -16.30 -12.10 2.53 -2.86 9.73
21:50:17.299 -> -2.74 -8.92 -11.94 1.42 -0.72 9.66
21:50:17.299 -> -7.28 16.62 -11.58 -3.55 -0.72 10.76
21:50:17.346 -> -0.81 -6.29 -11.27 1.03 -0.32 9.69
21:50:17.393 -> 0.57 -5.65 -10.95 0.97 -0.07 9.72
21:50:17.393 -> -1.06 -0.80 -11.01 0.11 -0.20 9.79
21:50:17.440 -> -0.85 -5.50 -11.02 0.90 -0.30 9.73
21:50:17.487 -> -0.26 -6.37 -11.02 1.07 -0.23 9.73
21:50:17.534 -> -0.26 -6.50 -11.02 1.08 -0.22 9.62
21:50:17.581 -> -0.47 -6.49 -11.02 1.08 -0.26 9.69
21:50:17.618 -> -0.11 -6.51 -11.03 1.10 -0.20 9.70
21:50:17.665 -> -0.35 -6.60 -11.04 1.10 -0.25 9.69
21:50:17.665 -> -0.32 -6.37 -11.04 1.06 -0.23 9.62
21:50:17.711 -> -0.40 -6.35 -11.04 1.06 -0.25 9.66
21:50:17.758 -> -0.11 -6.19 -11.04 1.04 -0.19 9.66
21:50:17.758 -> -0.48 -6.61 -11.05 1.10 -0.27 9.67
21:50:17.852 -> -0.47 -6.75 -11.05 1.13 -0.27 9.70
21:50:17.899 -> -0.54 -6.36 -11.06 1.06 -0.27 9.75
21:50:17.899 -> -0.14 -6.51 -11.06 1.09 -0.21 9.72
21:50:17.946 -> -0.48 -6.48 -11.07 1.07 -0.26 9.66
21:50:17.993 -> -0.41 -6.46 -11.06 1.07 -0.25 9.63
21:50:17.993 -> -0.71 -6.45 -11.06 1.06 -0.30 9.64
21:50:18.040 -> -0.66 -6.43 -11.06 1.06 -0.29 9.61
21:50:18.087 -> -0.33 -6.60 -11.06 1.11 -0.24 9.71
21:50:18.133 -> -0.92 -6.43 -11.07 1.06 -0.34 9.71
21:50:18.180 -> -0.43 -6.51 -11.06 1.08 -0.26 9.64
21:50:18.227 -> -0.26 -6.61 -11.08 1.10 -0.23 9.65
21:50:18.227 -> -0.34 -6.23 -11.07 1.04 -0.23 9.67
21:50:18.274 -> -0.31 -6.59 -11.07 1.09 -0.24 9.63
21:50:18.321 -> -0.61 -6.46 -11.07 1.06 -0.28 9.62
21:50:18.321 -> -0.33 -6.12 -11.07 1.02 -0.23 9.72
21:50:18.368 -> -0.31 -6.12 -11.07 1.02 -0.23 9.69
21:50:18.462 -> -0.49 -6.31 -11.07 1.05 -0.26 9.70
21:50:18.462 -> -0.69 -6.44 -11.06 1.06 -0.30 9.69
21:50:18.509 -> -0.28 -6.31 -11.07 1.06 -0.23 9.73
21:50:18.556 -> -0.32 -6.30 -11.08 1.04 -0.23 9.58
21:50:18.556 -> -0.50 -6.33 -11.08 1.05 -0.26 9.68
21:50:18.603 -> -0.53 -6.62 -11.09 1.10 -0.28 9.68
21:50:18.650 -> -0.41 -6.62 -11.09 1.10 -0.26 9.65
21:50:18.697 -> -0.55 -6.52 -11.09 1.08 -0.28 9.71
21:50:18.744 -> -0.21 -6.88 -11.10 1.16 -0.23 9.70
21:50:18.791 -> -0.33 -6.67 -11.10 1.11 -0.24 9.67
21:50:18.791 -> -0.59 -6.72 -11.10 1.11 -0.29 9.67
21:50:18.838 -> 0.01 -6.49 -11.09 1.09 -0.18 9.71
21:50:18.885 -> -0.74 -6.65 -11.09 1.10 -0.32 9.72
21:50:18.932 -> -0.36 -6.36 -11.10 1.06 -0.24 9.67
21:50:18.932 -> -0.29 -6.51 -11.10 1.08 -0.23 9.65
21:50:18.979 -> -0.36 -6.32 -11.10 1.06 -0.24 9.69
21:50:19.026 -> -0.25 -6.57 -11.12 1.11 -0.23 9.73
21:50:19.073 -> -0.57 -6.36 -11.12 1.06 -0.28 9.71
21:50:19.119 -> -0.39 -6.51 -11.12 1.09 -0.25 9.71
21:50:19.166 -> -0.28 -6.58 -11.12 1.10 -0.24 9.66
21:50:19.166 -> -0.28 -6.32 -11.11 1.06 -0.23 9.76
21:50:19.213 -> -0.25 -6.34 -11.11 1.06 -0.22 9.70
21:50:19.262 -> -0.39 -6.65 -11.11 1.11 -0.26 9.70
21:50:19.262 -> -0.07 -6.40 -11.10 1.07 -0.19 9.69
21:50:19.355 -> -0.28 -6.57 -11.11 1.10 -0.23 9.70
21:50:19.355 -> -0.74 -6.47 -11.11 1.08 -0.31 9.75
21:50:19.402 -> -0.30 -6.35 -11.12 1.06 -0.23 9.62
21:50:19.449 -> -0.41 -6.25 -11.13 1.04 -0.25 9.69
21:50:19.496 -> -0.14 -6.46 -11.13 1.09 -0.21 9.66
21:50:19.496 -> -0.92 -6.30 -11.12 1.05 -0.34 9.79
21:50:19.543 -> -0.06 -5.84 -11.13 0.98 -0.18 9.71
21:50:19.590 -> -0.77 -6.67 -11.13 1.10 -0.32 9.71
21:50:19.637 -> -0.36 -6.42 -11.12 1.06 -0.24 9.66
21:50:19.684 -> -0.24 -6.44 -11.12 1.07 -0.22 9.66
21:50:19.731 -> -0.57 -6.85 -11.12 1.14 -0.29 9.69
21:50:19.731 -> -0.45 -5.69 -11.23 0.95 -0.24 9.73
21:50:19.778 -> -0.70 -7.38 -11.30 1.22 -0.33 9.61
21:50:19.825 -> -0.22 -7.85 -11.30 1.32 -0.26 9.68
21:50:19.825 -> -0.60 -5.08 -11.31 0.84 -0.24 9.71
21:50:19.872 -> -0.64 -4.03 -11.48 0.66 -0.22 9.75
21:50:19.965 -> -0.44 -6.33 -11.46 1.06 -0.26 9.65
21:50:19.965 -> 0.14 -6.63 -11.44 1.12 -0.17 9.67
21:50:20.012 -> -0.57 -8.76 -11.41 1.47 -0.35 9.74
21:50:20.059 -> -1.91 1.36 -11.58 -0.28 -0.28 9.72
21:50:20.059 -> -1.19 -4.66 -11.53 0.76 -0.34 9.80
21:50:20.106 -> -0.91 -3.89 -11.41 0.64 -0.27 9.80
21:50:20.153 -> 0.89 -7.19 -11.49 1.26 -0.06 9.67
21:50:20.153 -> 0.15 -6.46 -11.34 1.10 -0.16 9.72
21:50:20.200 -> -0.46 -5.85 -11.62 0.98 -0.24 9.49
21:50:20.295 -> 1.27 -6.27 -11.51 1.08 0.03 9.59
21:50:20.295 -> -0.66 -11.21 -11.44 1.82 -0.40 9.23
21:50:20.342 -> 0.36 -4.00 -11.80 0.71 -0.05 9.94
21:50:20.389 -> -1.29 -6.21 -11.73 1.01 -0.39 9.66
21:50:20.389 -> -0.92 -3.01 -11.69 0.50 -0.24 9.75
21:50:20.436 -> -0.70 0.87 -11.99 -0.19 -0.08 10.07
21:50:20.483 -> -1.57 -6.55 -11.92 1.04 -0.44 9.54
21:50:20.529 -> -2.36 1.88 -12.31 -0.37 -0.34 9.71
21:50:20.576 -> -1.10 -18.16 -11.66 3.18 -0.74 9.79
21:50:20.623 -> 0.31 -7.85 -11.56 1.37 -0.19 10.03
21:50:20.623 -> 3.87 -25.39 -11.73 4.58 -0.10 9.47
21:50:20.670 -> -0.35 -6.67 -11.73 1.12 -0.25 9.72
21:50:20.717 -> -0.65 -6.18 -11.74 1.02 -0.28 9.69
21:50:20.764 -> -1.00 -6.71 -11.74 1.11 -0.36 9.72
21:50:20.764 -> -0.18 -6.34 -11.75 1.07 -0.21 9.73
21:50:20.811 -> -0.75 -6.35 -11.74 1.05 -0.31 9.71
21:50:20.857 -> -0.58 -6.48 -11.75 1.07 -0.28 9.70
21:50:20.904 -> -1.04 -5.07 -11.98 0.83 -0.32 9.73
21:50:20.951 -> -0.23 -8.10 -12.13 1.36 -0.27 9.62
21:50:20.998 -> -0.81 -4.66 -12.13 0.77 -0.28 9.83
21:50:20.998 -> -0.72 -6.65 -12.06 1.10 -0.31 9.72
21:50:21.045 -> 0.33 -8.31 -11.91 1.42 -0.19 9.71
21:50:21.092 -> -1.02 -6.24 -11.87 1.02 -0.35 9.65
21:50:21.092 -> -0.31 -7.06 -11.82 1.17 -0.25 9.63
21:50:21.186 -> -0.61 -6.45 -11.82 1.07 -0.28 9.67
21:50:21.233 -> -0.66 -6.64 -11.83 1.09 -0.30 9.64
21:50:21.233 -> -0.33 -6.63 -11.83 1.11 -0.24 9.67
21:50:21.279 -> -0.59 -6.19 -11.84 1.03 -0.28 9.75
21:50:21.327 -> -0.45 -5.91 -11.84 0.98 -0.24 9.70
21:50:21.327 -> -0.41 -6.35 -11.84 1.06 -0.25 9.70
21:50:21.374 -> -0.52 -6.23 -11.84 1.03 -0.27 9.67
21:50:21.421 -> -0.49 -6.70 -11.85 1.11 -0.27 9.67
21:50:21.468 -> -0.71 -6.26 -11.86 1.03 -0.30 9.64
21:50:21.515 -> -0.19 -6.18 -11.85 1.04 -0.21 9.76
21:50:21.562 -> -0.35 -6.23 -11.84 1.04 -0.24 9.74
21:50:21.562 -> -0.74 -6.18 -11.85 1.03 -0.31 9.76
21:50:21.609 -> -0.50 -6.41 -11.85 1.06 -0.27 9.67
21:50:21.656 -> -0.39 -6.44 -11.86 1.08 -0.25 9.77
21:50:21.656 -> -0.64 -6.46 -11.85 1.07 -0.29 9.69
21:50:21.702 -> -0.50 -6.43 -11.84 1.06 -0.27 9.65
21:50:21.796 -> -0.86 -6.16 -11.85 1.02 -0.32 9.71
21:50:21.796 -> -0.08 -6.21 -11.85 1.05 -0.19 9.69
21:50:21.843 -> -0.49 -6.55 -11.86 1.09 -0.27 9.68
21:50:21.890 -> -0.74 -6.45 -11.87 1.07 -0.31 9.66
21:50:21.890 -> -0.52 -6.03 -11.87 1.00 -0.26 9.66
21:50:21.937 -> -0.67 -6.59 -11.88 1.10 -0.31 9.72
21:50:21.984 -> -0.78 -6.17 -11.89 1.01 -0.31 9.65
21:50:22.031 -> -0.60 -6.20 -11.89 1.03 -0.28 9.69
21:50:22.077 -> -0.56 -6.30 -11.90 1.05 -0.28 9.72
21:50:22.125 -> -0.22 -6.16 -11.90 1.03 -0.21 9.63
21:50:22.125 -> -0.35 -6.25 -11.91 1.05 -0.24 9.74
21:50:22.171 -> -0.47 -6.29 -11.92 1.05 -0.26 9.71
21:50:22.214 -> -0.20 -6.03 -11.93 1.01 -0.21 9.71
21:50:22.261 -> -0.24 -6.30 -11.94 1.05 -0.22 9.69
21:50:22.261 -> -0.44 -6.25 -11.94 1.04 -0.26 9.71
21:50:22.308 -> -0.40 -6.30 -11.95 1.05 -0.25 9.66
21:50:22.355 -> -0.47 -6.18 -11.96 1.03 -0.26 9.70
21:50:22.402 -> -0.42 -6.36 -11.96 1.06 -0.25 9.69
21:50:22.449 -> -0.56 -6.04 -11.96 1.01 -0.27 9.68
21:50:22.497 -> -0.55 -6.48 -11.97 1.08 -0.28 9.73
21:50:22.497 -> -0.43 -6.21 -11.97 1.03 -0.25 9.67
21:50:22.543 -> -0.55 -6.25 -11.97 1.05 -0.28 9.78
21:50:22.590 -> -0.47 -6.22 -11.97 1.03 -0.26 9.68
21:50:22.590 -> -0.39 -6.30 -11.98 1.04 -0.24 9.64
21:50:22.684 -> -0.37 -6.25 -11.99 1.05 -0.24 9.74
21:50:22.731 -> -0.36 -6.30 -12.00 1.05 -0.24 9.68
21:50:22.731 -> -0.39 -6.30 -12.01 1.06 -0.25 9.75
21:50:22.778 -> -0.38 -6.39 -12.01 1.06 -0.25 9.65
21:50:22.825 -> -0.58 -6.69 -12.00 1.11 -0.29 9.68
21:50:22.825 -> -0.26 -6.20 -12.00 1.04 -0.22 9.69
21:50:22.873 -> -0.38 -6.35 -11.99 1.06 -0.25 9.72
21:50:22.919 -> -0.82 -6.56 -12.00 1.07 -0.32 9.61
21:50:22.966 -> -0.29 -6.33 -12.00 1.06 -0.23 9.70
21:50:23.013 -> -0.52 -6.11 -12.00 1.01 -0.26 9.70
21:50:23.060 -> -0.48 -6.09 -12.01 1.01 -0.26 9.73
21:50:23.060 -> -0.63 -6.31 -12.01 1.05 -0.29 9.73
21:50:23.107 -> -0.51 -6.58 -12.01 1.10 -0.27 9.71
21:50:23.154 -> -0.42 -6.33 -12.01 1.05 -0.25 9.65
21:50:23.154 -> -0.44 -6.26 -12.01 1.05 -0.26 9.73
21:50:23.201 -> -0.55 -6.16 -12.01 1.02 -0.27 9.70
21:50:23.294 -> -0.77 -6.13 -12.01 1.00 -0.30 9.62
21:50:23.294 -> -0.87 -6.12 -12.01 1.01 -0.32 9.76
21:50:23.341 -> -0.34 -6.25 -12.02 1.05 -0.24 9.76
21:50:23.388 -> -0.57 -6.00 -12.02 0.99 -0.27 9.68
21:50:23.388 -> -0.19 -6.12 -12.01 1.02 -0.20 9.66
21:50:23.440 -> -0.46 -6.24 -12.02 1.04 -0.26 9.69
21:50:23.482 -> -0.50 -6.15 -12.01 1.02 -0.26 9.71
21:50:23.529 -> -0.34 -6.14 -12.01 1.02 -0.23 9.65
21:50:23.576 -> -0.42 -6.41 -12.02 1.07 -0.25 9.67
21:50:23.623 -> -0.19 -6.49 -12.01 1.09 -0.22 9.74
21:50:23.623 -> -0.51 -6.19 -12.02 1.03 -0.26 9.71
21:50:23.670 -> -0.70 -6.32 -12.01 1.04 -0.30 9.70
21:50:23.717 -> -0.82 -6.25 -12.02 1.03 -0.32 9.70
21:50:23.764 -> -0.71 -6.31 -12.02 1.04 -0.30 9.66
21:50:23.764 -> -0.37 -6.33 -12.02 1.06 -0.25 9.76
21:50:23.810 -> -0.41 -6.16 -12.02 1.03 -0.25 9.69
21:50:23.857 -> -0.48 -6.09 -12.02 1.01 -0.26 9.69
21:50:23.904 -> -0.55 -6.36 -12.03 1.06 -0.27 9.68
21:50:23.951 -> -0.24 -6.16 -12.04 1.03 -0.22 9.64
21:50:23.998 -> -0.60 -5.98 -12.03 1.00 -0.28 9.76
21:50:23.998 -> -0.43 -6.32 -12.03 1.05 -0.25 9.66
21:50:24.045 -> -0.35 -6.58 -12.03 1.09 -0.24 9.61
21:50:24.092 -> -0.16 -6.15 -12.03 1.04 -0.21 9.75
21:50:24.092 -> -0.79 -6.46 -12.04 1.06 -0.32 9.67
21:50:24.185 -> -0.66 -6.32 -12.03 1.05 -0.29 9.69
21:50:24.234 -> -0.46 -6.39 -12.04 1.07 -0.26 9.76
21:50:24.234 -> -0.53 -5.95 -12.05 0.99 -0.26 9.69
21:50:24.281 -> -0.41 -6.18 -12.04 1.02 -0.24 9.64
21:50:24.327 -> -0.43 -6.41 -12.03 1.06 -0.25 9.64
21:50:24.327 -> -0.66 -6.14 -12.03 1.02 -0.29 9.71
21:50:24.374 -> -0.29 -6.35 -12.02 1.06 -0.23 9.68
21:50:24.421 -> -0.64 -6.48 -12.02 1.07 -0.29 9.66
21:50:24.468 -> -0.65 -6.56 -12.02 1.09 -0.30 9.73
21:50:24.516 -> -0.46 -6.38 -12.04 1.06 -0.26 9.63
21:50:24.562 -> -0.45 -6.23 -12.05 1.03 -0.25 9.66
21:50:24.562 -> -0.18 -6.24 -12.05 1.05 -0.21 9.72
21:50:24.609 -> -0.30 -6.52 -12.05 1.09 -0.24 9.71
21:50:24.656 -> -0.50 -5.98 -12.05 0.99 -0.26 9.70
