23:43:44.037 -> -0.27 -6.09 -181.28 1.02 -0.22 9.71
23:43:44.131 -> 0.25 -6.35 -181.28 1.07 -0.14 9.64
23:43:44.177 -> 0.03 -6.25 -181.27 1.04 -0.17 9.60
23:43:44.177 -> -0.11 -6.32 -181.26 1.06 -0.20 9.64
23:43:44.224 -> -0.55 -6.27 -181.27 1.03 -0.27 9.61
23:43:44.272 -> -0.01 -5.84 -181.28 0.99 -0.17 9.71
23:43:44.272 -> -0.08 -6.15 -181.27 1.03 -0.19 9.65
23:43:44.318 -> 0.25 -6.49 -181.27 1.09 -0.14 9.65
23:43:44.366 -> -0.53 -6.24 -181.26 1.03 -0.27 9.66
23:43:44.412 -> -0.65 -6.06 -181.28 1.01 -0.28 9.72
23:43:44.459 -> -0.05 -5.93 -181.27 1.00 -0.17 9.65
23:43:44.507 -> -0.13 -5.95 -181.27 0.99 -0.19 9.58
23:43:44.507 -> -0.12 -6.18 -181.27 1.03 -0.19 9.64
23:43:44.554 -> -0.31 -6.31 -181.28 1.05 -0.23 9.66
23:43:44.601 -> 0.22 -6.41 -181.28 1.09 -0.15 9.68
23:43:44.648 -> 0.10 -6.26 -181.29 1.05 -0.16 9.60
23:43:44.697 -> -0.24 -6.42 -181.29 1.08 -0.22 9.71
23:43:44.744 -> -0.18 -6.17 -181.30 1.04 -0.21 9.74
23:43:44.744 -> -0.07 -6.01 -181.30 1.02 -0.18 9.75
23:43:44.791 -> -0.11 -6.09 -181.30 1.02 -0.19 9.66
23:43:44.838 -> 0.25 -6.16 -181.30 1.05 -0.13 9.70
23:43:44.838 -> -0.17 -6.06 -181.31 1.01 -0.20 9.64
23:43:44.931 -> 0.15 -6.33 -181.29 1.07 -0.16 9.68
23:43:44.978 -> -0.39 -6.36 -181.31 1.05 -0.24 9.62
23:43:44.978 -> -0.14 -6.11 -181.31 1.02 -0.19 9.65
23:43:45.025 -> -0.34 -6.50 -181.30 1.08 -0.24 9.60
23:43:45.072 -> -0.05 -5.77 -181.31 0.97 -0.17 9.71
23:43:45.072 -> -0.28 -6.41 -181.29 1.07 -0.23 9.67
23:43:45.166 -> -0.02 -6.30 -181.29 1.06 -0.18 9.64
23:43:45.166 -> -0.57 -6.06 -181.29 1.00 -0.27 9.66
23:43:45.213 -> -0.38 -5.85 -181.29 0.97 -0.23 9.66
23:43:45.260 -> -0.30 -6.78 -181.24 1.13 -0.24 9.66
23:43:45.307 -> 0.36 -5.73 -181.23 0.97 -0.10 9.60
23:43:45.307 -> -0.28 -6.44 -181.21 1.07 -0.23 9.66
23:43:45.354 -> -0.73 -5.83 -181.20 0.96 -0.29 9.66
23:43:45.401 -> -0.06 -6.23 -181.14 1.05 -0.19 9.63
23:43:45.450 -> -0.06 -5.99 -181.13 1.01 -0.18 9.72
23:43:45.496 -> 0.74 -6.13 -181.10 1.05 -0.05 9.59
23:43:45.543 -> -1.03 -6.16 -181.11 1.00 -0.34 9.60
23:43:45.543 -> -0.79 -5.92 -181.09 0.98 -0.30 9.72
23:43:45.590 -> -0.00 -6.04 -181.09 1.02 -0.17 9.66
23:43:45.637 -> 0.66 -6.13 -181.10 1.05 -0.06 9.68
23:43:45.684 -> -0.54 -5.86 -181.10 0.98 -0.26 9.76
23:43:45.731 -> -0.64 -6.49 -181.14 1.07 -0.29 9.64
23:43:45.778 -> -0.36 -6.51 -181.14 1.09 -0.25 9.68
23:43:45.778 -> 0.46 -6.24 -181.15 1.07 -0.10 9.70
23:43:45.825 -> -0.37 -6.39 -181.15 1.06 -0.24 9.63
23:43:45.872 -> -0.60 -6.07 -181.16 1.00 -0.27 9.63
23:43:45.919 -> 0.07 -6.18 -181.16 1.04 -0.16 9.66
23:43:45.966 -> -0.69 -2.58 -181.32 0.41 -0.19 9.74
23:43:45.966 -> 0.15 -8.10 -181.53 1.35 -0.20 9.63
23:43:46.013 -> -0.12 -3.05 -181.69 0.51 -0.11 9.79
23:43:46.060 -> -0.31 -6.57 -181.56 1.10 -0.24 9.77
23:43:46.107 -> -1.17 -5.84 -181.82 0.95 -0.36 9.73
23:43:46.107 -> 1.09 -4.87 -182.23 0.84 0.05 9.83
23:43:46.200 -> -0.43 -8.20 -182.16 1.32 -0.29 9.39
23:43:46.200 -> -0.26 1.35 -182.07 -0.21 -0.01 9.70
23:43:46.247 -> -0.09 -4.56 -181.95 0.79 -0.16 10.14
23:43:46.294 -> -0.40 0.67 -181.85 -0.12 -0.05 9.80
23:43:46.341 -> -0.16 -8.03 -181.87 1.36 -0.27 9.96
23:43:46.341 -> 0.13 1.90 -182.36 -0.33 0.09 9.64
23:43:46.388 -> -0.04 10.70 -181.97 -1.89 0.32 10.15
23:43:46.435 -> 1.79 -6.07 -182.44 1.02 0.14 9.43
23:43:46.482 -> 2.41 -4.06 -184.08 0.73 0.30 9.35
23:43:46.529 -> -4.94 -7.24 -183.61 1.09 -1.04 9.66
23:43:46.576 -> 1.98 -9.86 -182.52 1.73 0.04 9.98
23:43:46.576 -> 0.41 -15.67 -182.08 2.73 -0.39 9.73
23:43:46.623 -> -0.80 5.59 -182.72 -0.98 0.02 9.51
23:43:46.669 -> 3.27 -3.32 -184.24 0.60 0.48 9.83
23:43:46.669 -> -0.07 -15.60 -183.64 2.62 -0.45 9.36
23:43:46.763 -> -2.11 -15.81 -183.98 2.67 -0.82 9.72
23:43:46.810 -> 7.50 -16.29 -184.08 2.65 0.75 8.61
23:43:46.810 -> 0.25 6.47 -183.71 -1.13 0.24 9.95
23:43:46.857 -> -2.33 -2.93 -183.32 0.48 -0.50 9.99
23:43:46.904 -> -3.01 -5.31 -183.45 0.78 -0.67 9.66
23:43:46.904 -> -3.64 -13.49 -183.34 2.27 -1.05 9.98
23:43:46.997 -> -0.09 -13.04 -183.24 2.29 -0.42 9.92
23:43:47.044 -> -0.68 -11.73 -183.34 1.96 -0.45 9.69
23:43:47.044 -> 0.69 -9.42 -183.32 1.66 -0.17 9.80
23:43:47.091 -> 0.70 -10.68 -183.28 1.90 -0.21 9.98
23:43:47.138 -> 1.73 -7.92 -183.42 1.33 0.07 9.41
23:43:47.138 -> 0.22 -11.74 -183.45 1.96 -0.29 9.49
23:43:47.185 -> 0.37 -10.76 -183.30 1.80 -0.23 9.42
23:43:47.232 -> 0.13 -8.81 -183.34 1.48 -0.22 9.58
23:43:47.279 -> -0.09 -5.93 -183.34 1.00 -0.18 9.70
23:43:47.326 -> -0.15 -6.09 -183.33 1.01 -0.20 9.64
23:43:47.373 -> -0.17 -5.85 -183.33 0.98 -0.20 9.66
23:43:47.373 -> -0.40 -6.23 -183.32 1.03 -0.24 9.65
23:43:47.420 -> -0.33 -6.08 -183.32 1.01 -0.23 9.64
23:43:47.467 -> 0.26 -5.68 -183.34 0.96 -0.11 9.60
23:43:47.514 -> -0.00 -6.12 -183.33 1.03 -0.17 9.68
23:43:47.561 -> -0.53 -6.02 -183.33 1.00 -0.26 9.69
23:43:47.607 -> -0.24 -5.93 -183.33 1.00 -0.21 9.72
23:43:47.607 -> 0.04 -5.71 -183.35 0.96 -0.16 9.70
23:43:47.654 -> -0.06 -6.07 -183.34 1.01 -0.18 9.61
23:43:47.701 -> 0.29 -6.27 -183.33 1.06 -0.13 9.64
23:43:47.701 -> -0.44 -6.00 -183.33 1.00 -0.24 9.67
23:43:47.795 -> -0.75 -5.90 -183.32 0.98 -0.29 9.72
23:43:47.842 -> -0.49 -6.04 -183.33 1.00 -0.25 9.67
23:43:47.842 -> 0.25 -5.92 -183.33 1.00 -0.12 9.64
23:43:47.889 -> 0.21 -5.84 -183.33 0.99 -0.13 9.66
23:43:47.936 -> -0.53 -5.48 -183.32 0.90 -0.24 9.63
23:43:47.936 -> -0.45 -6.16 -183.33 1.03 -0.25 9.71
23:43:48.029 -> 0.11 -5.83 -183.35 0.98 -0.15 9.66
23:43:48.076 -> 0.63 -6.04 -183.32 1.03 -0.06 9.65
23:43:48.076 -> -0.33 -5.81 -183.34 0.95 -0.21 9.50
23:43:48.123 -> -0.50 -6.04 -183.34 0.99 -0.25 9.60
23:43:48.170 -> -0.52 -5.86 -183.35 0.97 -0.25 9.60
23:43:48.170 -> 0.37 -5.88 -183.34 1.00 -0.10 9.71
23:43:48.217 -> 0.04 -5.89 -183.34 0.99 -0.16 9.68
23:43:48.264 -> -0.43 -6.20 -183.35 1.03 -0.25 9.64
23:43:48.311 -> -0.67 -6.51 -183.34 1.08 -0.30 9.70
23:43:48.358 -> -0.37 -6.04 -183.34 1.01 -0.23 9.67
23:43:48.405 -> 0.34 -6.07 -183.35 1.02 -0.11 9.63
23:43:48.405 -> -0.08 -5.78 -183.36 0.96 -0.17 9.60
23:43:48.452 -> -0.70 -6.11 -183.37 1.00 -0.28 9.61
23:43:48.499 -> -0.77 -6.18 -183.38 1.01 -0.30 9.62
23:43:48.547 -> 0.18 -5.97 -183.39 1.00 -0.14 9.67
23:43:48.593 -> -0.09 -5.90 -183.37 0.99 -0.18 9.69
23:43:48.640 -> -0.43 -5.82 -183.38 0.96 -0.24 9.66
23:43:48.640 -> -0.57 -6.14 -183.36 1.01 -0.27 9.65
23:43:48.687 -> 0.03 -6.33 -183.35 1.06 -0.17 9.65
23:43:48.734 -> -0.44 -6.01 -183.35 1.00 -0.24 9.64
23:43:48.734 -> -0.15 -5.64 -183.36 0.95 -0.19 9.73
23:43:48.828 -> -0.23 -5.98 -183.37 1.01 -0.21 9.73
23:43:48.875 -> -0.12 -5.87 -183.37 0.99 -0.19 9.71
23:43:48.875 -> 0.08 -6.19 -183.36 1.04 -0.16 9.59
23:43:48.922 -> -0.50 -5.55 -183.37 0.92 -0.24 9.67
23:43:48.969 -> -0.23 -5.79 -183.35 0.96 -0.20 9.58
23:43:48.969 -> -0.26 -5.82 -183.35 0.98 -0.21 9.71
23:43:49.015 -> 0.16 -6.49 -183.33 1.09 -0.16 9.64
23:43:49.109 -> -0.10 -5.59 -183.34 0.95 -0.18 9.76
23:43:49.109 -> -0.58 -6.54 -183.32 1.08 -0.28 9.64
23:43:49.156 -> -0.71 -5.94 -183.35 0.98 -0.29 9.65
23:43:49.203 -> 0.53 -5.69 -183.34 0.97 -0.07 9.66
23:43:49.203 -> -0.10 -6.21 -183.35 1.04 -0.19 9.69
23:43:49.250 -> -0.84 -6.05 -183.35 0.99 -0.31 9.64
23:43:49.344 -> -0.27 -5.69 -183.37 0.95 -0.21 9.66
23:43:49.344 -> 0.47 -6.16 -183.36 1.05 -0.10 9.65
23:43:49.391 -> 0.20 -5.62 -183.38 0.96 -0.13 9.74
23:43:49.438 -> -0.57 -6.08 -183.37 1.00 -0.27 9.63
23:43:49.438 -> -0.75 -5.70 -183.38 0.93 -0.28 9.61
23:43:49.485 -> 0.17 -5.99 -183.36 1.02 -0.14 9.72
23:43:49.532 -> -0.21 -5.50 -183.38 0.92 -0.19 9.64
23:43:49.579 -> -0.26 -5.92 -183.36 0.99 -0.21 9.72
23:43:49.626 -> -0.93 -6.06 -183.38 0.99 -0.33 9.68
23:43:49.673 -> -0.18 -5.62 -183.36 0.95 -0.19 9.72
23:43:49.673 -> 0.38 -6.05 -183.37 1.03 -0.11 9.67
23:43:49.720 -> -0.28 -5.92 -183.36 0.99 -0.22 9.71
23:43:49.767 -> -0.70 -5.90 -183.37 0.97 -0.28 9.65
23:43:49.767 -> -0.24 -6.23 -183.37 1.03 -0.21 9.58
23:43:49.860 -> -0.20 -5.84 -183.37 0.98 -0.20 9.68
23:43:49.907 -> -0.13 -5.81 -183.37 0.97 -0.18 9.60
23:43:49.907 -> -0.03 -6.21 -183.37 1.04 -0.18 9.60
23:43:49.955 -> -0.53 -5.92 -183.37 0.98 -0.26 9.69
23:43:49.995 -> -0.35 -5.76 -183.37 0.95 -0.22 9.61
23:43:50.043 -> -0.25 -5.86 -183.38 0.98 -0.21 9.66
23:43:50.089 -> -0.19 -6.04 -183.38 1.01 -0.20 9.68
23:43:50.136 -> -0.30 -5.60 -183.39 0.93 -0.21 9.68
23:43:50.136 -> -0.35 -5.97 -183.39 1.00 -0.23 9.67
23:43:50.183 -> -0.09 -5.55 -183.37 0.93 -0.17 9.67
23:43:50.230 -> -0.25 -6.35 -183.38 1.06 -0.22 9.64
23:43:50.277 -> -0.36 -6.24 -183.39 1.04 -0.24 9.69
23:43:50.277 -> -0.03 -5.74 -183.39 0.96 -0.17 9.62
23:43:50.372 -> -0.23 -6.26 -183.40 1.05 -0.22 9.70
23:43:50.372 -> 0.11 -5.62 -183.40 0.94 -0.14 9.65
23:43:50.419 -> -0.14 -6.01 -183.40 1.01 -0.20 9.77
23:43:50.466 -> 0.19 -6.21 -183.40 1.06 -0.15 9.72
23:43:50.466 -> 0.02 -5.61 -183.41 0.95 -0.16 9.71
23:43:50.513 -> -0.11 -5.93 -183.41 1.00 -0.19 9.67
23:43:50.560 -> -0.42 -5.88 -183.42 0.97 -0.23 9.61
23:43:50.606 -> 0.08 -5.95 -183.43 1.00 -0.15 9.65
23:43:50.653 -> -0.70 -5.90 -183.43 0.97 -0.28 9.61
23:43:50.701 -> -0.29 -5.77 -183.42 0.97 -0.21 9.73
23:43:50.701 -> -0.27 -5.86 -183.43 0.98 -0.21 9.74
23:43:50.748 -> -0.13 -6.03 -183.43 1.01 -0.19 9.71
23:43:50.795 -> -0.38 -6.25 -183.43 1.04 -0.24 9.64
23:43:50.842 -> -0.24 -6.25 -183.42 1.04 -0.22 9.58
23:43:50.889 -> 0.30 -6.18 -183.43 1.04 -0.12 9.63
23:43:50.936 -> -0.19 -5.80 -183.43 0.97 -0.20 9.62
23:43:50.936 -> -0.28 -6.07 -183.43 1.01 -0.22 9.63
23:43:50.983 -> 0.12 -6.27 -183.42 1.06 -0.16 9.65
23:43:51.030 -> -0.08 -6.04 -183.40 1.01 -0.18 9.66
23:43:51.077 -> -0.13 -5.91 -183.40 0.98 -0.19 9.59
23:43:51.124 -> -0.32 -5.88 -183.40 0.98 -0.22 9.66
23:43:51.171 -> -0.11 -5.99 -183.39 1.00 -0.19 9.65
23:43:51.171 -> -0.13 -5.95 -183.39 0.99 -0.19 9.61
