23:42:21.180 -> -0.52 -5.93 -0.04 0.98 -0.26 9.66
23:42:21.227 -> -1.12 -6.11 -0.03 0.99 -0.36 9.64
23:42:21.274 -> -0.67 -5.98 -0.02 0.98 -0.28 9.65
23:42:21.274 -> -0.67 -6.12 -0.03 1.01 -0.29 9.67
23:42:21.321 -> -0.94 -6.10 -0.03 1.01 -0.33 9.77
23:42:21.368 -> -0.48 -5.63 -0.03 0.92 -0.24 9.60
23:42:21.368 -> -0.57 -6.12 -0.04 1.00 -0.27 9.62
23:42:21.415 -> -0.97 -5.91 -0.05 0.96 -0.33 9.57
23:42:21.461 -> -0.69 -5.81 -0.06 0.95 -0.28 9.60
23:42:21.508 -> -0.53 -6.02 -0.05 0.99 -0.26 9.59
23:42:21.555 -> -0.71 -5.53 -0.05 0.91 -0.28 9.72
23:42:21.602 -> -0.53 -6.50 -0.06 1.07 -0.27 9.62
23:42:21.602 -> -0.54 -5.32 -0.05 0.88 -0.24 9.71
23:42:21.649 -> -0.47 -6.11 -0.06 1.02 -0.26 9.78
23:42:21.696 -> -0.78 -5.85 -0.05 0.96 -0.30 9.67
23:42:21.743 -> -0.65 -6.31 -0.07 1.04 -0.29 9.65
23:42:21.743 -> -0.41 -5.92 -0.05 0.98 -0.23 9.65
23:42:21.790 -> -0.69 -5.80 -0.05 0.95 -0.28 9.66
23:42:21.837 -> -0.70 -6.33 -0.05 1.05 -0.30 9.68
23:42:21.837 -> -0.88 -5.94 -0.06 0.97 -0.31 9.60
23:42:21.884 -> -0.26 -5.94 -0.06 0.99 -0.21 9.65
23:42:21.978 -> -0.79 -5.86 -0.06 0.97 -0.30 9.75
23:42:21.978 -> -0.58 -6.05 -0.06 1.00 -0.27 9.69
23:42:22.025 -> -0.60 -5.81 -0.06 0.96 -0.27 9.66
23:42:22.072 -> -0.47 -5.75 -0.06 0.96 -0.24 9.71
23:42:22.072 -> -0.62 -5.99 -0.07 0.99 -0.27 9.68
23:42:22.119 -> -0.33 -6.10 -0.07 1.01 -0.23 9.61
23:42:22.166 -> -1.00 -6.13 -0.07 1.01 -0.35 9.78
23:42:22.213 -> -0.71 -6.00 -0.08 0.99 -0.29 9.65
23:42:22.213 -> -0.81 -5.84 -0.07 0.96 -0.30 9.67
23:42:22.260 -> -1.03 -5.71 -0.07 0.94 -0.34 9.73
23:42:22.307 -> -0.51 -6.20 -0.07 1.02 -0.26 9.59
23:42:22.354 -> -0.83 -5.65 -0.08 0.92 -0.30 9.65
23:42:22.401 -> -0.71 -6.37 -0.09 1.05 -0.30 9.70
23:42:22.447 -> -0.63 -5.57 -0.10 0.92 -0.26 9.66
23:42:22.447 -> -0.69 -6.11 -0.11 1.01 -0.29 9.71
23:42:22.494 -> -1.08 -5.86 -0.10 0.95 -0.35 9.68
23:42:22.541 -> -0.34 -5.76 -0.11 0.96 -0.22 9.68
23:42:22.541 -> -0.61 -5.77 -0.12 0.95 -0.26 9.65
23:42:22.588 -> -1.19 -5.97 -0.12 0.97 -0.37 9.64
23:42:22.636 -> -0.48 -5.92 -0.13 0.98 -0.25 9.64
23:42:22.636 -> -0.82 -6.37 -0.12 1.05 -0.32 9.66
23:42:22.730 -> -0.48 -5.80 -0.12 0.95 -0.24 9.60
23:42:22.777 -> -0.50 -5.39 -0.11 0.89 -0.24 9.71
23:42:22.777 -> -0.91 -6.15 -0.11 1.00 -0.32 9.61
23:42:22.824 -> -0.82 -6.04 -0.12 0.99 -0.31 9.62
23:42:22.871 -> -0.59 -5.59 -0.12 0.92 -0.26 9.63
23:42:22.871 -> -0.93 -5.98 -0.11 0.98 -0.33 9.68
23:42:22.918 -> -0.96 -5.96 -0.12 0.98 -0.33 9.68
23:42:22.965 -> -0.85 -5.90 -0.12 0.97 -0.31 9.70
23:42:23.011 -> -0.30 -6.04 -0.12 1.01 -0.22 9.66
23:42:23.011 -> -0.83 -6.18 -0.13 1.01 -0.31 9.61
23:42:23.058 -> -0.85 -6.20 -0.12 1.02 -0.31 9.63
23:42:23.105 -> -0.25 -5.20 -0.11 0.87 -0.19 9.72
23:42:23.152 -> -1.03 -5.59 -0.10 0.91 -0.33 9.70
23:42:23.199 -> -0.39 -5.91 -0.09 0.99 -0.23 9.60
23:42:23.246 -> -0.69 -6.36 -0.08 1.07 -0.30 9.71
23:42:23.246 -> -0.37 -5.70 -0.07 0.95 -0.22 9.63
23:42:23.293 -> 0.96 -5.28 0.03 0.92 0.01 9.68
23:42:23.340 -> -0.49 -4.37 0.01 0.76 -0.22 10.02
23:42:23.340 -> 2.24 -5.30 0.01 0.94 0.22 9.47
23:42:23.387 -> 4.28 -5.19 0.01 1.00 0.57 9.65
23:42:23.433 -> 3.77 -4.59 -0.06 0.88 0.49 9.42
23:42:23.480 -> 5.42 -5.53 -0.06 1.07 0.75 9.59
23:42:23.480 -> 3.08 -2.87 -0.10 0.53 0.40 8.88
23:42:23.527 -> 8.02 -3.33 -0.11 0.83 1.26 9.78
23:42:23.574 -> 3.16 -5.87 -0.12 1.14 0.38 10.18
23:42:23.574 -> 2.79 -8.59 0.02 1.70 0.22 10.87
23:42:23.622 -> 9.38 6.01 -0.13 -0.70 1.65 9.12
23:42:23.669 -> 3.22 -9.77 -0.37 1.59 0.25 8.62
23:42:23.669 -> -3.49 -9.35 -0.62 1.39 -0.78 8.84
23:42:23.715 -> 0.87 -8.67 -0.56 1.50 -0.11 9.38
23:42:23.809 -> -3.11 4.08 -0.75 -0.98 -0.35 9.21
23:42:23.809 -> -3.28 -14.73 -0.68 2.77 -1.13 10.37
23:42:23.856 -> -6.88 -7.98 -0.81 1.11 -1.22 8.44
23:42:23.903 -> -3.22 -4.06 -0.96 0.59 -0.64 9.43
23:42:23.903 -> -7.30 1.09 -1.23 -0.42 -1.25 10.08
23:42:23.950 -> -4.72 0.05 -1.24 -0.15 -0.80 9.80
23:42:23.997 -> -6.69 -11.48 -1.17 1.76 -1.43 9.45
23:42:24.044 -> -1.17 -5.27 -1.07 0.82 -0.32 8.97
23:42:24.044 -> -2.09 -5.20 -1.24 0.84 -0.52 9.96
23:42:24.138 -> 1.09 -10.96 -1.18 1.99 -0.15 10.08
23:42:24.138 -> -0.20 -5.49 -1.21 0.91 -0.19 9.77
23:42:24.185 -> -3.69 -5.07 -1.23 0.76 -0.80 10.08
23:42:24.232 -> -4.43 -9.02 -1.16 1.38 -0.98 9.50
23:42:24.278 -> -2.74 -10.85 -1.04 1.77 -0.78 9.80
23:42:24.278 -> -6.18 -12.56 -1.11 2.11 -1.58 10.66
23:42:24.326 -> -3.88 -6.11 -1.11 0.92 -0.84 9.78
23:42:24.372 -> -7.17 -6.93 -1.10 0.97 -1.41 9.67
23:42:24.372 -> -0.41 -6.16 -1.08 1.01 -0.24 9.59
23:42:24.466 -> -1.84 -5.50 -1.11 0.88 -0.47 9.72
23:42:24.513 -> 3.19 -6.13 -1.11 1.13 0.36 9.84
23:42:24.513 -> -4.69 -7.25 -1.15 1.12 -1.02 9.89
23:42:24.560 -> 0.89 -6.33 -1.14 1.09 -0.04 9.78
23:42:24.607 -> 0.45 -4.58 -1.23 0.80 -0.06 9.81
23:42:24.607 -> -1.07 -4.94 -1.39 0.81 -0.33 9.92
23:42:24.655 -> -1.00 -5.57 -1.39 0.92 -0.33 9.76
23:42:24.701 -> -1.93 -6.80 -1.43 1.10 -0.53 9.82
23:42:24.701 -> 1.46 -4.57 -1.36 0.81 0.11 9.86
23:42:24.749 -> -4.03 -6.45 -1.34 0.97 -0.85 9.54
23:42:24.795 -> -0.05 -5.77 -1.34 0.97 -0.17 9.64
23:42:24.842 -> -0.51 -6.19 -1.32 1.02 -0.26 9.70
23:42:24.842 -> -1.71 -4.77 -1.28 0.75 -0.42 9.68
23:42:24.936 -> -0.43 -5.59 -1.30 0.93 -0.23 9.66
23:42:24.936 -> -0.28 -5.93 -1.27 0.98 -0.22 9.63
23:42:24.983 -> -0.27 -5.45 -1.23 0.90 -0.20 9.64
23:42:25.030 -> 1.08 -5.04 -1.23 0.87 0.04 9.69
23:42:25.077 -> -0.75 -5.48 -1.23 0.90 -0.28 9.72
23:42:25.077 -> 0.03 -5.84 -1.22 0.99 -0.16 9.67
23:42:25.124 -> -1.22 -6.25 -1.24 1.02 -0.38 9.65
23:42:25.170 -> -0.40 -6.30 -1.27 1.06 -0.25 9.69
23:42:25.170 -> -0.47 -5.78 -1.27 0.97 -0.25 9.76
23:42:25.217 -> 0.94 -5.98 -1.27 1.03 -0.01 9.61
23:42:25.264 -> -3.39 -7.18 -1.29 1.12 -0.78 9.70
23:42:25.311 -> -0.44 -5.92 -1.31 0.98 -0.24 9.63
23:42:25.358 -> -0.39 -6.06 -1.30 1.00 -0.23 9.54
23:42:25.405 -> -0.46 -5.85 -1.30 0.96 -0.24 9.59
23:42:25.405 -> 2.36 -6.19 -1.29 1.10 0.22 9.65
23:42:25.438 -> -0.69 -6.01 -1.29 0.99 -0.29 9.67
23:42:25.485 -> -0.49 -5.59 -1.29 0.93 -0.24 9.64
23:42:25.532 -> -0.34 -6.10 -1.29 1.02 -0.23 9.70
23:42:25.579 -> -0.61 -6.34 -1.29 1.05 -0.28 9.66
23:42:25.579 -> -0.42 -5.77 -1.30 0.95 -0.23 9.55
23:42:25.626 -> -0.36 -5.36 -1.29 0.89 -0.21 9.63
23:42:25.673 -> -0.59 -5.64 -1.29 0.93 -0.26 9.65
23:42:25.673 -> -0.23 -5.13 -1.28 0.86 -0.18 9.59
23:42:25.767 -> -1.07 -5.77 -1.28 0.93 -0.33 9.52
23:42:25.814 -> -0.38 -5.61 -1.28 0.93 -0.22 9.64
23:42:25.814 -> -0.88 -5.46 -1.28 0.90 -0.31 9.78
23:42:25.861 -> -0.39 -5.54 -1.28 0.92 -0.22 9.67
23:42:25.908 -> -0.52 -5.55 -1.28 0.93 -0.25 9.75
23:42:25.908 -> -0.68 -6.28 -1.29 1.03 -0.29 9.60
23:42:25.954 -> -0.46 -5.77 -1.31 0.96 -0.24 9.69
23:42:26.001 -> -0.37 -5.30 -1.31 0.89 -0.22 9.77
23:42:26.048 -> -0.52 -5.48 -1.31 0.91 -0.25 9.69
23:42:26.048 -> -0.14 -5.77 -1.32 0.97 -0.19 9.64
23:42:26.095 -> -0.96 -5.51 -1.32 0.91 -0.32 9.72
23:42:26.142 -> -0.20 -5.46 -1.33 0.91 -0.19 9.62
23:42:26.189 -> -0.56 -5.72 -1.33 0.95 -0.26 9.68
23:42:26.236 -> -0.13 -5.80 -1.33 0.97 -0.19 9.64
23:42:26.236 -> -0.48 -5.70 -1.32 0.95 -0.25 9.73
23:42:26.282 -> -0.54 -5.84 -1.32 0.97 -0.26 9.69
23:42:26.329 -> -0.38 -5.83 -1.31 0.97 -0.23 9.76
23:42:26.376 -> -0.35 -5.80 -1.31 0.95 -0.22 9.57
23:42:26.376 -> -0.51 -5.86 -1.31 0.98 -0.25 9.74
23:42:26.423 -> -0.30 -5.81 -1.33 0.97 -0.22 9.67
23:42:26.470 -> -0.56 -6.05 -1.32 1.01 -0.27 9.78
23:42:26.470 -> -0.23 -5.77 -1.33 0.96 -0.20 9.66
23:42:26.564 -> -0.32 -5.89 -1.33 0.98 -0.22 9.70
23:42:26.610 -> -0.38 -5.41 -1.34 0.90 -0.22 9.72
23:42:26.610 -> -0.30 -8.24 -1.30 1.36 -0.28 9.63
23:42:26.657 -> -0.36 -5.74 -1.30 0.97 -0.23 9.84
23:42:26.705 -> -0.33 -5.87 -1.32 0.97 -0.22 9.64
23:42:26.705 -> -0.03 -6.95 -1.32 1.12 -0.18 9.52
23:42:26.752 -> -0.32 -5.36 -1.33 0.89 -0.21 9.74
23:42:26.798 -> -0.44 -6.50 -1.33 1.07 -0.25 9.62
23:42:26.845 -> -0.39 -6.26 -1.34 1.04 -0.24 9.66
23:42:26.845 -> -0.25 -5.95 -1.33 0.99 -0.21 9.60
23:42:26.939 -> -0.49 -5.88 -1.36 0.97 -0.25 9.67
23:42:26.939 -> -0.46 -5.62 -1.35 0.93 -0.24 9.64
23:42:26.986 -> -0.53 -6.60 -1.36 1.09 -0.28 9.66
23:42:27.034 -> -0.27 -5.61 -1.35 0.93 -0.20 9.62
23:42:27.081 -> -0.61 -6.07 -1.33 1.00 -0.27 9.61
23:42:27.081 -> -0.86 -6.02 -1.34 0.99 -0.31 9.66
23:42:27.128 -> -0.70 -6.09 -1.34 1.00 -0.29 9.68
23:42:27.175 -> -0.22 -6.33 -1.33 1.06 -0.22 9.72
23:42:27.175 -> -0.34 -6.21 -1.32 1.03 -0.23 9.66
23:42:27.222 -> -0.60 -6.04 -1.31 1.00 -0.27 9.73
23:42:27.269 -> -0.55 -5.75 -1.32 0.95 -0.25 9.67
23:42:27.315 -> -0.32 -6.18 -1.32 1.03 -0.23 9.68
23:42:27.362 -> -0.41 -5.85 -1.33 0.98 -0.24 9.77
23:42:27.409 -> -0.59 -6.50 -1.32 1.08 -0.28 9.69
23:42:27.409 -> -0.21 -6.42 -1.33 1.07 -0.22 9.64
23:42:27.456 -> -0.39 -6.03 -1.31 1.00 -0.24 9.68
23:42:27.503 -> -0.37 -5.52 -1.31 0.92 -0.22 9.66
23:42:27.503 -> -0.30 -6.79 -1.32 1.13 -0.24 9.60
23:42:27.550 -> -0.55 -6.23 -1.31 1.03 -0.27 9.67
23:42:27.597 -> -0.47 -6.01 -1.33 1.00 -0.25 9.66
23:42:27.644 -> -0.29 -5.88 -1.33 0.98 -0.22 9.68
23:42:27.644 -> -0.46 -6.32 -1.33 1.05 -0.26 9.66
23:42:27.738 -> -0.19 -6.44 -1.33 1.08 -0.22 9.68
23:42:27.738 -> -0.55 -5.84 -1.34 0.96 -0.26 9.67
23:42:27.785 -> -0.65 -6.03 -1.33 1.00 -0.28 9.69
23:42:27.832 -> -0.12 -6.28 -1.33 1.05 -0.20 9.67
23:42:27.878 -> -0.40 -6.59 -1.33 1.09 -0.25 9.63
23:42:27.878 -> -0.33 -5.76 -1.33 0.95 -0.22 9.62
23:42:27.925 -> -0.52 -5.75 -1.34 0.95 -0.25 9.67
23:42:27.972 -> -0.53 -6.49 -1.35 1.08 -0.28 9.68
23:42:27.972 -> -0.20 -6.03 -1.35 1.00 -0.20 9.65
23:42:28.019 -> -0.28 -5.68 -1.37 0.95 -0.21 9.67
23:42:28.113 -> -0.60 -5.83 -1.37 0.96 -0.27 9.66
23:42:28.113 -> -0.40 -6.37 -1.37 1.06 -0.25 9.67
23:42:28.160 -> -0.28 -6.42 -1.37 1.07 -0.23 9.69
23:42:28.207 -> -0.46 -5.94 -1.37 0.98 -0.24 9.63
23:42:28.207 -> -0.63 -5.70 -1.38 0.94 -0.27 9.62
23:42:28.254 -> -0.58 -6.26 -1.37 1.03 -0.27 9.62
23:42:28.301 -> -0.33 -6.37 -1.37 1.07 -0.24 9.68
23:42:28.347 -> -0.42 -6.02 -1.38 1.00 -0.24 9.72
23:42:28.347 -> -0.30 -5.78 -1.38 0.96 -0.22 9.66
23:42:28.394 -> -0.20 -6.16 -1.39 1.02 -0.21 9.63
23:42:28.441 -> -0.58 -6.14 -1.39 1.02 -0.27 9.70
23:42:28.488 -> -0.29 -6.15 -1.39 1.02 -0.22 9.62
23:42:28.535 -> -0.69 -6.14 -1.40 1.01 -0.29 9.62
23:42:28.535 -> -0.40 -6.43 -1.40 1.07 -0.25 9.68
23:42:28.582 -> -0.33 -6.35 -1.40 1.05 -0.23 9.59
23:42:28.629 -> -0.30 -5.90 -1.41 0.99 -0.22 9.70
23:42:28.676 -> -0.37 -6.01 -1.41 1.00 -0.23 9.68
23:42:28.676 -> -0.17 -6.04 -1.41 1.01 -0.20 9.67
23:42:28.722 -> -0.63 -6.03 -1.40 0.99 -0.28 9.65
23:42:28.770 -> -0.67 -5.64 -1.39 0.93 -0.27 9.66
23:42:28.770 -> -0.77 -6.32 -1.38 1.05 -0.31 9.70
23:42:28.817 -> -0.09 -6.31 -1.39 1.06 -0.20 9.71
23:42:28.910 -> -0.65 -5.86 -1.40 0.96 -0.27 9.66
23:42:28.910 -> -0.28 -5.72 -1.39 0.96 -0.21 9.77
23:42:28.957 -> -0.42 -6.32 -1.40 1.05 -0.25 9.64
23:42:29.004 -> -0.25 -6.36 -1.39 1.06 -0.22 9.65
23:42:29.004 -> -0.50 -5.68 -1.40 0.94 -0.24 9.66
23:42:29.051 -> -0.53 -5.98 -1.41 0.99 -0.26 9.67
23:42:29.098 -> -0.19 -6.12 -1.41 1.03 -0.21 9.75
23:42:29.145 -> -0.39 -6.32 -1.42 1.05 -0.24 9.63
23:42:29.145 -> -0.51 -5.93 -1.42 0.98 -0.25 9.62
23:42:29.192 -> -0.20 -5.98 -1.42 1.00 -0.20 9.64
23:42:29.239 -> -0.43 -5.87 -1.42 0.97 -0.24 9.60
23:42:29.285 -> -0.41 -6.27 -1.42 1.04 -0.24 9.65
23:42:29.332 -> -0.28 -6.33 -1.42 1.06 -0.23 9.67
23:42:29.379 -> -0.79 -5.90 -1.41 0.97 -0.30 9.64
23:42:29.379 -> -0.35 -6.19 -1.41 1.03 -0.23 9.67
23:42:29.426 -> -0.12 -6.26 -1.41 1.04 -0.19 9.61
23:42:29.473 -> -0.78 -6.20 -1.41 1.02 -0.30 9.62
23:42:29.473 -> -0.33 -5.86 -1.39 0.97 -0.22 9.64
23:42:29.521 -> -0.19 -6.25 -1.39 1.05 -0.21 9.72
