23:43:03.904 -> -0.35 -6.07 -179.74 1.01 -0.23 9.63
23:43:03.950 -> -0.23 -6.09 -179.75 1.01 -0.21 9.63
23:43:03.997 -> -0.46 -5.90 -179.74 0.98 -0.24 9.65
23:43:04.044 -> -0.15 -5.52 -179.74 0.92 -0.18 9.64
23:43:04.044 -> -0.29 -5.82 -179.73 0.97 -0.21 9.68
23:43:04.138 -> -0.10 -5.89 -179.72 0.99 -0.18 9.71
23:43:04.138 -> -0.60 -6.04 -179.72 0.99 -0.27 9.60
23:43:04.185 -> -0.28 -5.74 -179.71 0.95 -0.21 9.65
23:43:04.232 -> 0.10 -5.92 -179.71 1.00 -0.15 9.68
23:43:04.279 -> 0.01 -6.02 -179.71 1.01 -0.17 9.66
23:43:04.279 -> -0.36 -5.73 -179.71 0.96 -0.22 9.71
23:43:04.372 -> -0.50 -5.99 -179.71 0.99 -0.25 9.66
23:43:04.372 -> 0.05 -5.91 -179.70 0.99 -0.16 9.65
23:43:04.419 -> 0.19 -6.12 -179.70 1.03 -0.14 9.61
23:43:04.466 -> -0.11 -5.89 -179.70 0.99 -0.19 9.72
23:43:04.513 -> -0.37 -5.86 -179.70 0.97 -0.23 9.67
23:43:04.513 -> -0.35 -5.78 -179.70 0.97 -0.23 9.75
23:43:04.560 -> -0.01 -5.97 -179.70 1.00 -0.17 9.65
23:43:04.607 -> -0.09 -5.79 -179.70 0.97 -0.18 9.63
23:43:04.654 -> -0.10 -5.90 -179.71 0.98 -0.18 9.63
23:43:04.701 -> -0.31 -5.86 -179.72 0.98 -0.22 9.70
23:43:04.701 -> 0.02 -5.99 -179.74 1.00 -0.17 9.61
23:43:04.748 -> 0.12 -5.77 -179.73 0.97 -0.14 9.64
23:43:04.795 -> -0.53 -5.88 -179.73 0.97 -0.26 9.66
23:43:04.841 -> -0.06 -5.74 -179.75 0.96 -0.17 9.65
23:43:04.889 -> -0.09 -5.83 -179.75 0.98 -0.18 9.68
23:43:04.936 -> 0.14 -5.87 -179.74 0.99 -0.14 9.63
23:43:04.936 -> -0.58 -5.93 -179.75 0.98 -0.26 9.64
23:43:04.984 -> -0.33 -5.90 -179.75 0.98 -0.22 9.67
23:43:05.031 -> -0.06 -5.68 -179.75 0.96 -0.17 9.72
23:43:05.078 -> -0.01 -5.82 -179.76 0.97 -0.17 9.63
23:43:05.078 -> -0.19 -5.58 -179.76 0.93 -0.19 9.72
23:43:05.172 -> -0.23 -6.18 -179.77 1.05 -0.22 9.80
23:43:05.172 -> -0.29 -5.67 -179.77 0.95 -0.21 9.70
23:43:05.219 -> -0.23 -5.89 -179.77 0.99 -0.21 9.71
23:43:05.265 -> -0.40 -5.91 -179.76 0.98 -0.24 9.69
23:43:05.312 -> -0.34 -6.08 -179.74 1.00 -0.23 9.61
23:43:05.312 -> -0.18 -7.41 -179.61 1.24 -0.24 9.68
23:43:05.406 -> 0.08 -8.97 -179.37 1.52 -0.24 9.68
23:43:05.406 -> -2.76 4.51 -179.13 -0.85 -0.33 9.62
23:43:05.439 -> -0.57 -3.91 -178.36 0.65 -0.22 9.79
23:43:05.487 -> -0.04 -14.39 -177.65 2.44 -0.42 9.52
23:43:05.534 -> -1.03 -4.93 -177.27 0.79 -0.31 9.56
23:43:05.534 -> -1.20 -2.64 -177.61 0.38 -0.26 9.74
23:43:05.628 -> 0.12 -11.91 -178.66 1.96 -0.29 9.39
23:43:05.674 -> -1.63 -5.12 -179.41 0.85 -0.43 10.05
23:43:05.674 -> 0.63 -11.25 -179.06 1.93 -0.23 9.76
23:43:05.722 -> 0.52 -14.28 -178.38 2.55 -0.36 9.92
23:43:05.769 -> -1.12 -6.75 -178.00 1.20 -0.43 10.38
23:43:05.769 -> -0.68 -17.09 -177.96 2.53 -0.48 8.24
23:43:05.863 -> 1.58 -4.34 -177.00 0.80 0.13 9.94
23:43:05.910 -> 4.99 1.18 -176.48 -0.03 0.88 9.82
23:43:05.910 -> -3.57 -2.57 -175.84 0.32 -0.66 9.43
23:43:05.957 -> -1.25 -10.75 -175.50 1.76 -0.50 9.42
23:43:06.004 -> 1.01 -8.29 -176.52 1.53 -0.06 10.52
23:43:06.004 -> -1.41 -14.39 -176.03 2.39 -0.64 9.60
23:43:06.051 -> -1.92 -11.97 -175.74 1.80 -0.57 8.60
23:43:06.144 -> 6.06 -13.92 -177.27 2.34 0.64 9.14
23:43:06.144 -> -4.07 -16.87 -177.05 2.79 -1.14 9.45
23:43:06.191 -> 2.00 -11.90 -177.37 2.09 0.02 9.61
23:43:06.238 -> -4.96 6.29 -178.15 -1.26 -0.62 10.04
23:43:06.238 -> 2.03 -16.25 -178.99 2.80 -0.10 9.57
23:43:06.285 -> -0.17 -1.46 -178.10 0.23 -0.08 9.30
23:43:06.379 -> 0.25 7.94 -178.75 -1.42 0.31 10.16
23:43:06.379 -> -0.83 -18.00 -179.63 2.90 -0.56 9.00
23:43:06.426 -> -0.75 -5.44 -179.25 0.96 -0.34 10.99
23:43:06.472 -> -2.00 -0.76 -179.40 0.06 -0.35 9.65
23:43:06.472 -> 0.47 -10.17 -178.91 1.75 -0.22 9.65
23:43:06.520 -> -1.55 -1.44 -179.07 0.21 -0.32 10.20
23:43:06.567 -> 1.48 -4.49 -178.89 0.76 0.14 9.73
23:43:06.614 -> 1.18 -11.68 -179.56 1.82 -0.10 8.69
23:43:06.661 -> 0.19 -7.34 -178.73 1.22 -0.17 9.31
23:43:06.708 -> -1.26 -2.58 -178.30 0.37 -0.28 9.64
23:43:06.708 -> -1.78 -12.59 -179.46 1.67 -0.50 7.78
23:43:06.755 -> 0.57 -4.54 -180.47 0.71 -0.03 9.89
23:43:06.802 -> -0.17 -6.92 -180.49 1.17 -0.23 9.76
23:43:06.848 -> 0.67 -7.37 -180.47 1.26 -0.10 9.68
23:43:06.895 -> -0.49 -7.40 -180.48 1.23 -0.29 9.70
23:43:06.942 -> -0.65 -7.07 -180.47 1.18 -0.31 9.71
23:43:06.942 -> 0.22 -7.31 -180.48 1.25 -0.18 9.74
23:43:06.989 -> 0.48 -6.89 -180.47 1.17 -0.12 9.70
23:43:07.036 -> -0.67 -7.08 -180.47 1.17 -0.32 9.68
23:43:07.036 -> -0.09 -7.30 -180.45 1.22 -0.22 9.63
23:43:07.129 -> -0.41 -7.02 -180.43 1.17 -0.27 9.60
23:43:07.177 -> 1.22 -7.34 -180.27 1.28 -0.01 9.66
23:43:07.177 -> -0.25 -6.99 -179.97 1.19 -0.24 9.56
23:43:07.223 -> 2.13 -17.50 -179.60 3.28 -0.17 10.02
23:43:07.270 -> 0.39 -6.69 -178.85 1.22 -0.15 8.99
23:43:07.270 -> 0.61 -6.90 -178.70 1.17 -0.10 9.56
23:43:07.317 -> -0.54 -6.21 -178.71 1.03 -0.27 9.66
23:43:07.411 -> -0.88 -6.70 -178.72 1.10 -0.34 9.64
23:43:07.411 -> 0.24 -6.43 -178.71 1.08 -0.14 9.62
23:43:07.458 -> 0.20 -6.04 -178.71 1.01 -0.13 9.60
23:43:07.505 -> -0.20 -6.21 -178.70 1.03 -0.21 9.57
23:43:07.505 -> -0.40 -6.83 -178.70 1.13 -0.26 9.60
23:43:07.553 -> 0.66 -6.38 -178.70 1.09 -0.07 9.63
23:43:07.599 -> 0.04 -6.17 -178.71 1.03 -0.17 9.61
23:43:07.646 -> -0.30 -6.16 -178.70 1.02 -0.22 9.64
23:43:07.693 -> -0.52 -6.46 -178.70 1.07 -0.27 9.65
23:43:07.740 -> 0.16 -5.96 -178.70 1.01 -0.14 9.68
23:43:07.740 -> -0.06 -6.21 -178.69 1.04 -0.18 9.62
23:43:07.787 -> -0.27 -5.98 -178.68 1.00 -0.22 9.71
23:43:07.834 -> -0.36 -6.24 -178.67 1.04 -0.24 9.67
23:43:07.834 -> 0.33 -6.04 -178.67 1.01 -0.11 9.57
23:43:07.928 -> -0.10 -6.43 -178.68 1.07 -0.20 9.64
23:43:07.974 -> -0.28 -6.23 -178.68 1.04 -0.22 9.70
23:43:07.974 -> -0.22 -6.25 -178.67 1.04 -0.22 9.66
23:43:08.021 -> 0.25 -6.48 -178.66 1.08 -0.14 9.60
23:43:08.068 -> -0.35 -6.25 -178.66 1.05 -0.24 9.72
23:43:08.068 -> -0.45 -6.07 -178.65 1.00 -0.25 9.65
23:43:08.115 -> -0.01 -6.02 -178.65 1.01 -0.17 9.71
23:43:08.209 -> -0.20 -6.04 -178.65 1.01 -0.21 9.67
23:43:08.209 -> -0.58 -6.07 -178.66 1.01 -0.27 9.69
23:43:08.256 -> -0.33 -6.11 -178.65 1.02 -0.23 9.70
23:43:08.302 -> -0.04 -6.58 -178.65 1.10 -0.19 9.63
23:43:08.302 -> -0.46 -6.52 -178.65 1.08 -0.26 9.65
23:43:08.349 -> -0.52 -6.24 -178.64 1.03 -0.26 9.62
23:43:08.443 -> -0.53 -6.22 -178.64 1.02 -0.26 9.60
23:43:08.443 -> 0.05 -6.18 -178.64 1.05 -0.17 9.72
23:43:08.491 -> -0.14 -6.14 -178.64 1.03 -0.20 9.70
23:43:08.538 -> -0.39 -6.10 -178.64 1.01 -0.23 9.65
23:43:08.538 -> -0.39 -6.13 -178.64 1.02 -0.24 9.67
23:43:08.585 -> -0.17 -6.13 -178.63 1.03 -0.21 9.71
23:43:08.632 -> -0.11 -5.97 -178.64 1.00 -0.19 9.71
23:43:08.679 -> -0.35 -6.61 -178.64 1.10 -0.24 9.63
23:43:08.726 -> -0.03 -5.86 -178.63 0.98 -0.17 9.65
23:43:08.773 -> -0.26 -6.27 -178.63 1.05 -0.22 9.67
23:43:08.773 -> -0.23 -6.02 -178.63 1.00 -0.21 9.58
23:43:08.820 -> 0.01 -6.00 -178.63 1.01 -0.17 9.67
23:43:08.867 -> -0.16 -6.40 -178.62 1.07 -0.21 9.61
23:43:08.913 -> -0.33 -6.27 -178.62 1.05 -0.23 9.72
23:43:08.960 -> -0.51 -6.10 -178.60 1.01 -0.26 9.65
23:43:09.007 -> 0.12 -6.31 -178.61 1.05 -0.15 9.57
23:43:09.007 -> -0.24 -6.34 -178.60 1.06 -0.22 9.65
23:43:09.054 -> 0.19 -6.15 -178.60 1.04 -0.14 9.68
23:43:09.101 -> -0.07 -6.07 -178.60 1.02 -0.18 9.64
23:43:09.101 -> -0.67 -6.47 -178.60 1.07 -0.30 9.65
23:43:09.195 -> -0.25 -6.01 -178.60 1.00 -0.21 9.69
23:43:09.242 -> -0.26 -6.35 -178.61 1.06 -0.22 9.68
23:43:09.242 -> -0.41 -6.30 -178.60 1.04 -0.24 9.60
23:43:09.288 -> -0.11 -6.47 -178.60 1.08 -0.20 9.67
23:43:09.335 -> -0.44 -5.85 -178.59 0.96 -0.23 9.59
23:43:09.335 -> -0.39 -6.23 -178.59 1.03 -0.24 9.58
23:43:09.429 -> -0.27 -6.20 -178.59 1.04 -0.22 9.68
23:43:09.476 -> -0.24 -6.06 -178.59 1.02 -0.21 9.71
23:43:09.476 -> -0.10 -6.13 -178.58 1.03 -0.19 9.63
23:43:09.523 -> -0.33 -6.31 -178.57 1.05 -0.23 9.66
23:43:09.570 -> -0.09 -6.35 -178.57 1.07 -0.20 9.67
23:43:09.570 -> -0.36 -6.16 -178.58 1.03 -0.23 9.66
23:43:09.617 -> 0.03 -6.04 -178.58 1.01 -0.16 9.66
