23:41:25.141 -> -0.43 -5.56 -0.40 0.93 -0.23 9.72
23:41:25.188 -> -0.54 -5.87 -0.41 0.97 -0.26 9.68
23:41:25.236 -> -0.44 -6.20 -0.41 1.03 -0.25 9.66
23:41:25.283 -> -0.56 -6.11 -0.41 1.01 -0.27 9.66
23:41:25.283 -> -0.46 -5.44 -0.40 0.90 -0.23 9.68
23:41:25.329 -> -0.25 -5.66 -0.40 0.94 -0.20 9.66
23:41:25.376 -> 0.07 -6.22 -0.40 1.05 -0.17 9.66
23:41:25.425 -> -0.19 -5.65 -0.40 0.94 -0.19 9.66
23:41:25.472 -> -0.46 -5.68 -0.40 0.93 -0.23 9.60
23:41:25.472 -> -0.37 -5.70 -0.38 0.95 -0.23 9.74
23:41:25.519 -> -0.35 -5.67 -0.38 0.94 -0.22 9.67
23:41:25.566 -> -0.46 -5.98 -0.40 0.98 -0.24 9.63
23:41:25.613 -> -0.43 -5.77 -0.40 0.96 -0.23 9.65
23:41:25.613 -> -0.58 -6.17 -0.40 1.03 -0.28 9.74
23:41:25.660 -> -0.50 -5.67 -0.40 0.94 -0.24 9.65
23:41:25.707 -> -0.47 -6.08 -0.44 1.02 -0.25 9.66
23:41:25.707 -> -0.66 -5.60 -0.46 0.93 -0.27 9.68
23:41:25.800 -> -0.46 -5.72 -0.48 0.96 -0.24 9.76
23:41:25.847 -> -0.35 -5.71 -0.49 0.95 -0.22 9.67
23:41:25.847 -> -0.34 -5.95 -0.50 1.00 -0.23 9.73
23:41:25.894 -> -0.49 -6.32 -0.52 1.06 -0.27 9.72
23:41:25.941 -> -0.30 -6.00 -0.53 1.00 -0.22 9.69
23:41:25.941 -> -0.54 -6.02 -0.55 1.00 -0.26 9.67
23:41:25.988 -> -0.31 -5.80 -0.55 0.96 -0.22 9.66
23:41:26.035 -> -0.48 -6.36 -0.55 1.06 -0.26 9.66
23:41:26.082 -> -0.29 -5.85 -0.55 0.97 -0.21 9.63
23:41:26.082 -> -0.64 -5.29 -0.56 0.87 -0.25 9.61
23:41:26.175 -> 0.09 -6.11 -0.60 1.03 -0.16 9.56
23:41:26.175 -> -0.60 -6.23 -0.60 1.03 -0.28 9.71
23:41:26.223 -> -0.21 -5.90 -0.60 0.99 -0.20 9.70
23:41:26.270 -> -0.49 -5.56 -0.60 0.92 -0.24 9.65
23:41:26.270 -> -0.59 -5.55 -0.61 0.91 -0.26 9.66
23:41:26.317 -> -0.41 -5.96 -0.60 0.99 -0.24 9.71
23:41:26.364 -> 0.37 -6.35 0.13 1.15 -0.14 11.96
23:41:26.411 -> -0.48 -5.93 0.14 0.98 -0.25 9.74
23:41:26.411 -> -0.55 -6.59 0.13 1.05 -0.27 9.49
23:41:26.458 -> -0.44 -6.63 0.14 1.11 -0.27 9.65
23:41:26.504 -> -0.73 -6.05 0.14 1.00 -0.29 9.61
23:41:26.504 -> -0.29 -5.34 0.12 0.90 -0.20 9.70
23:41:26.551 -> -0.61 -6.12 0.14 1.01 -0.28 9.67
23:41:26.598 -> -0.06 -5.95 0.13 1.00 -0.18 9.72
23:41:26.645 -> -0.21 -6.47 0.15 1.08 -0.22 9.70
23:41:26.692 -> -0.44 -5.89 0.13 0.97 -0.24 9.60
23:41:26.739 -> -0.59 -5.89 0.14 0.97 -0.27 9.70
23:41:26.739 -> -0.37 -5.96 0.14 0.99 -0.23 9.65
23:41:26.786 -> -0.61 -6.22 0.15 1.03 -0.28 9.70
23:41:26.833 -> -0.58 -6.40 0.15 1.06 -0.28 9.72
23:41:26.880 -> -0.42 -5.80 0.15 0.96 -0.23 9.64
23:41:26.880 -> -0.38 -5.24 0.15 0.88 -0.22 9.77
23:41:26.927 -> 0.05 -6.27 0.16 1.06 -0.17 9.69
23:41:26.974 -> 0.21 -6.69 0.17 1.13 -0.16 9.64
23:41:26.974 -> -0.45 -5.95 0.17 0.99 -0.24 9.71
23:41:27.021 -> -0.53 -5.45 0.17 0.90 -0.25 9.74
23:41:27.068 -> -0.39 -5.72 0.18 0.95 -0.23 9.63
23:41:27.115 -> -0.16 -6.82 0.18 1.14 -0.22 9.64
23:41:27.115 -> -0.77 -6.00 0.17 0.98 -0.29 9.59
23:41:27.162 -> -0.77 -5.45 0.16 0.89 -0.28 9.62
23:41:27.208 -> -0.37 -5.74 0.18 0.96 -0.23 9.67
23:41:27.256 -> -0.31 -6.58 0.17 1.09 -0.24 9.61
23:41:27.303 -> -0.67 -6.31 0.17 1.04 -0.29 9.65
23:41:27.303 -> -0.46 -5.77 0.17 0.95 -0.24 9.66
23:41:27.350 -> -0.66 -6.45 0.18 1.04 -0.28 9.66
23:41:27.397 -> -0.48 -6.48 0.17 1.09 -0.27 9.66
23:41:27.444 -> -0.34 -5.60 0.20 0.94 -0.22 9.67
23:41:27.444 -> -0.87 -5.53 0.19 0.90 -0.30 9.61
23:41:27.491 -> -2.58 -6.28 0.20 0.99 -0.61 9.58
23:41:27.537 -> -4.58 -7.27 0.26 1.08 -0.96 9.54
23:41:27.537 -> -5.28 -8.01 0.32 1.20 -1.12 9.71
23:41:27.584 -> -0.65 -5.61 0.52 0.95 -0.28 9.79
23:41:27.631 -> -5.32 -6.78 0.47 1.00 -1.09 9.72
23:41:27.678 -> -3.16 -8.97 0.58 1.45 -0.79 9.72
23:41:27.678 -> -4.35 -5.93 0.45 0.88 -0.90 9.73
23:41:27.725 -> -4.90 -1.05 0.38 0.03 -0.82 9.39
23:41:27.772 -> -4.84 -2.95 0.20 0.34 -0.92 10.08
23:41:27.819 -> -1.16 -9.36 0.32 1.57 -0.47 9.77
23:41:27.866 -> -1.22 -6.56 0.64 1.09 -0.41 9.99
23:41:27.912 -> -2.34 -6.65 0.68 1.06 -0.59 9.78
23:41:27.912 -> -0.48 -6.31 0.74 1.08 -0.27 9.94
23:41:27.959 -> -0.06 -2.74 0.42 0.47 -0.08 9.75
23:41:28.006 -> -7.53 1.37 0.73 -0.52 -1.27 10.16
23:41:28.006 -> 0.59 -8.32 0.71 1.52 -0.16 10.16
23:41:28.053 -> -0.86 -3.30 0.75 0.58 -0.25 9.72
23:41:28.100 -> 2.53 -2.52 0.57 0.50 0.36 9.86
23:41:28.147 -> -2.25 -9.66 0.51 1.56 -0.66 9.96
23:41:28.147 -> 7.45 -21.43 0.47 3.82 0.59 9.11
23:41:28.194 -> -14.62 3.13 0.04 -0.83 -1.77 7.11
23:41:28.241 -> -1.15 -5.93 0.40 1.01 -0.39 10.35
23:41:28.241 -> 0.22 -6.38 0.27 0.93 -0.10 8.45
23:41:28.288 -> -0.97 -16.43 0.42 3.19 -0.81 11.28
23:41:28.382 -> -0.36 -3.20 0.26 0.49 -0.14 10.07
23:41:28.382 -> 0.01 0.65 0.47 -0.11 0.02 9.69
23:41:28.428 -> -0.61 -2.87 0.53 0.47 -0.18 9.42
23:41:28.475 -> -2.74 -5.12 0.43 0.88 -0.65 10.10
23:41:28.475 -> 0.56 -2.35 0.35 0.36 0.03 9.02
23:41:28.522 -> -0.78 -4.85 0.08 0.75 -0.25 9.20
23:41:28.569 -> 2.38 0.15 0.01 0.03 0.36 8.80
23:41:28.569 -> 1.55 -6.35 -0.00 1.17 0.07 9.92
23:41:28.616 -> 1.19 -6.28 0.10 1.05 0.02 9.32
23:41:28.663 -> 2.47 -6.55 0.20 1.14 0.22 9.37
23:41:28.710 -> 3.48 -5.57 0.21 1.08 0.44 10.07
23:41:28.710 -> 1.14 -7.17 0.13 1.34 -0.03 10.35
23:41:28.757 -> -1.21 -7.03 0.17 1.09 -0.38 9.32
23:41:28.803 -> -1.94 -4.10 0.15 0.55 -0.38 8.36
23:41:28.803 -> -1.60 -6.51 0.15 1.03 -0.44 9.49
23:41:28.850 -> -0.53 -5.40 0.14 0.90 -0.25 9.71
23:41:28.897 -> -0.81 -5.98 0.14 0.98 -0.30 9.65
23:41:28.944 -> -0.87 -5.07 0.15 0.83 -0.29 9.73
23:41:28.944 -> -0.54 -5.71 0.16 0.94 -0.25 9.65
23:41:28.991 -> -0.65 -5.65 0.15 0.93 -0.27 9.66
23:41:29.038 -> -0.63 -5.76 0.16 0.94 -0.27 9.63
23:41:29.085 -> -0.80 -6.17 0.16 1.02 -0.31 9.72
23:41:29.132 -> -0.35 -6.04 0.16 1.00 -0.23 9.66
23:41:29.178 -> -0.66 -5.39 0.17 0.89 -0.26 9.66
23:41:29.178 -> -0.47 -7.32 0.28 1.19 -0.28 9.64
23:41:29.226 -> -1.01 -6.00 0.29 0.97 -0.34 9.63
23:41:29.273 -> -0.74 -5.82 0.29 0.95 -0.28 9.61
23:41:29.273 -> -0.37 -5.72 0.29 0.96 -0.23 9.71
23:41:29.320 -> -0.90 -5.52 0.29 0.90 -0.31 9.67
23:41:29.367 -> -0.79 -5.82 0.28 0.96 -0.30 9.67
23:41:29.414 -> -0.84 -5.96 0.28 0.98 -0.31 9.66
23:41:29.414 -> -0.63 -6.12 0.26 1.00 -0.28 9.60
23:41:29.461 -> -0.95 -5.58 0.26 0.91 -0.32 9.66
23:41:29.508 -> -0.81 -5.88 0.27 0.97 -0.30 9.72
23:41:29.508 -> -0.78 -5.90 0.27 0.97 -0.30 9.70
23:41:29.555 -> -0.64 -5.91 0.27 0.98 -0.28 9.71
23:41:29.604 -> -0.76 -6.06 0.27 1.00 -0.30 9.62
23:41:29.651 -> -0.46 -5.94 0.28 0.99 -0.25 9.72
23:41:29.698 -> -0.73 -5.94 0.29 0.98 -0.29 9.71
23:41:29.745 -> -0.54 -5.99 0.29 0.99 -0.26 9.68
23:41:29.745 -> -0.79 -5.94 0.30 0.98 -0.30 9.70
23:41:29.792 -> -0.32 -5.63 0.30 0.94 -0.21 9.69
23:41:29.839 -> -0.65 -6.56 0.29 1.08 -0.29 9.61
23:41:29.839 -> -0.87 -6.05 0.29 1.00 -0.32 9.71
23:41:29.894 -> -0.78 -5.71 0.30 0.94 -0.29 9.69
23:41:29.941 -> -0.71 -6.35 0.30 1.05 -0.30 9.69
23:41:29.941 -> -0.90 -5.87 0.29 0.96 -0.32 9.66
23:41:29.988 -> -0.84 -5.93 0.29 0.98 -0.31 9.70
23:41:30.035 -> -0.60 -5.85 0.30 0.96 -0.27 9.65
23:41:30.082 -> -0.78 -5.90 0.30 0.97 -0.30 9.67
23:41:30.082 -> -0.97 -5.70 0.30 0.94 -0.33 9.71
23:41:30.128 -> -0.51 -5.91 0.30 0.98 -0.25 9.69
23:41:30.176 -> -0.78 -5.58 0.30 0.92 -0.29 9.72
23:41:30.222 -> -0.56 -6.17 0.31 1.02 -0.27 9.65
23:41:30.269 -> -0.93 -6.11 0.31 1.00 -0.33 9.70
23:41:30.317 -> -0.58 -6.03 0.31 1.00 -0.27 9.69
23:41:30.317 -> -1.12 -5.92 0.31 0.96 -0.35 9.64
23:41:30.364 -> -0.71 -5.82 0.31 0.96 -0.29 9.74
23:41:30.412 -> -0.95 -5.74 0.32 0.95 -0.32 9.75
23:41:30.412 -> -0.65 -5.75 0.32 0.95 -0.27 9.68
23:41:30.460 -> -0.61 -6.07 0.32 1.00 -0.28 9.68
23:41:30.507 -> -0.48 -6.12 0.32 1.02 -0.26 9.68
23:41:30.507 -> -0.89 -5.89 0.31 0.96 -0.32 9.64
23:41:30.554 -> -0.85 -6.00 0.31 0.98 -0.31 9.63
23:41:30.600 -> -0.71 -5.84 0.31 0.96 -0.28 9.65
23:41:30.647 -> -0.98 -6.01 0.31 0.98 -0.33 9.66
23:41:30.647 -> -0.95 -5.72 0.31 0.94 -0.32 9.67
23:41:30.695 -> -0.58 -5.82 0.30 0.96 -0.26 9.67
23:41:30.742 -> -0.81 -5.65 0.30 0.93 -0.30 9.68
23:41:30.789 -> -0.66 -5.69 0.31 0.94 -0.27 9.67
23:41:30.836 -> -0.33 -5.81 0.30 0.97 -0.22 9.70
23:41:30.836 -> -0.88 -5.98 0.30 0.99 -0.32 9.71
23:41:30.883 -> -0.59 -5.87 0.30 0.97 -0.27 9.66
23:41:30.930 -> -0.42 -5.94 0.30 0.99 -0.24 9.64
23:41:30.977 -> -0.59 -5.71 0.31 0.94 -0.26 9.66
23:41:30.977 -> -0.74 -6.04 0.31 0.99 -0.30 9.66
23:41:31.024 -> -0.52 -6.07 0.31 1.00 -0.26 9.63
23:41:31.071 -> -0.64 -6.16 0.31 1.01 -0.28 9.63
23:41:31.071 -> -0.96 -5.94 0.30 0.97 -0.33 9.64
23:41:31.118 -> -0.90 -6.03 0.29 0.99 -0.32 9.65
23:41:31.165 -> -0.61 -5.87 0.28 0.97 -0.27 9.70
23:41:31.211 -> -0.69 -6.10 0.28 1.00 -0.29 9.63
23:41:31.211 -> -0.55 -5.71 0.30 0.95 -0.26 9.72
23:41:31.258 -> -0.46 -5.54 0.30 0.92 -0.23 9.67
23:41:31.305 -> -0.51 -5.85 0.30 0.97 -0.25 9.69
23:41:31.352 -> -0.67 -6.04 0.30 0.99 -0.28 9.60
23:41:31.399 -> -0.69 -5.98 0.30 0.99 -0.28 9.69
23:41:31.446 -> -0.72 -6.01 0.30 0.99 -0.29 9.73
23:41:31.446 -> -0.55 -5.76 0.31 0.95 -0.26 9.69
23:41:31.493 -> -1.29 -5.55 0.29 0.89 -0.37 9.65
23:41:31.540 -> -0.84 -6.00 0.30 0.99 -0.31 9.71
23:41:31.540 -> -0.86 -5.88 0.30 0.96 -0.31 9.66
23:41:31.587 -> -0.87 -5.61 0.30 0.91 -0.30 9.65
23:41:31.634 -> -0.53 -5.90 0.31 0.98 -0.26 9.68
23:41:31.680 -> -0.73 -5.84 0.31 0.96 -0.29 9.70
23:41:31.680 -> -0.86 -6.28 0.32 1.02 -0.32 9.60
23:41:31.727 -> -0.65 -5.63 0.32 0.93 -0.27 9.71
23:41:31.774 -> -0.66 -6.12 0.32 1.01 -0.28 9.66
23:41:31.774 -> -0.85 -5.94 0.33 0.97 -0.31 9.66
23:41:31.821 -> -0.62 -5.85 0.33 0.96 -0.27 9.68
23:41:31.868 -> -0.74 -6.04 0.33 1.00 -0.30 9.71
23:41:31.915 -> -0.92 -5.99 0.33 0.98 -0.33 9.70
23:41:31.962 -> -0.82 -6.02 0.33 0.99 -0.31 9.63
23:41:32.009 -> -0.53 -5.98 0.32 1.00 -0.26 9.73
23:41:32.009 -> -0.84 -5.77 0.32 0.94 -0.30 9.62
23:41:32.056 -> -0.77 -5.66 0.33 0.93 -0.29 9.65
23:41:32.102 -> -0.90 -5.84 0.32 0.96 -0.32 9.64
